ncols 136
nrows 81
xllcorner -10.05
yllcorner 35.85
cellsize 0.1
NODATA_value -9999
-9999 -9999 -9999 -9999 -9999 -9999 -9999 -9999 -9999 -9999 -9999 -9999 -9999 -9999 -9999 -9999 -9999 -9999 -9999 -9999 -9999 -9999 -9999 -9999 -9999 -9999 -9999 -9999 -9999 -9999 -9999 -9999 -9999 -9999 -9999 -9999 -9999 -9999 -9999 -9999 -9999 -9999 -9999 -9999 -9999 -9999 -9999 -9999 -9999 -9999 -9999 -9999 -9999 -9999 -9999 -9999 -9999 -9999 -9999 -9999 -9999 -9999 -9999 -9999 -9999 -9999 -9999 -9999 -9999 -9999 -9999 -9999 -9999 -9999 -9999 -9999 -9999 -9999 -9999 -9999 -9999 -9999 -9999 -9999 -9999 -9999 -9999 -9999 -9999 -9999 -9999 -9999 -9999 -9999 -9999 -9999 -9999 -9999 -9999 -9999 -9999 -9999 -9999 -9999 -9999 -9999 -9999 -9999 -9999 -9999 -9999 -9999 -9999 -9999 -9999 -9999 -9999 -9999 -9999 -9999 -9999 -9999 -9999 -9999 -9999 -9999 -9999 -9999 -9999 -9999 -9999 -9999 -9999 -9999 -9999 -9999
-9999 -9999 -9999 -9999 -9999 -9999 -9999 -9999 -9999 -9999 -9999 -9999 -9999 -9999 -9999 -9999 -9999 -9999 -9999 -9999 -9999 0.1658 -9999 0.1597 0.99 -9999 -9999 -9999 -9999 -9999 -9999 -9999 -9999 -9999 -9999 -9999 -9999 -9999 -9999 -9999 -9999 -9999 -9999 -9999 -9999 -9999 -9999 -9999 -9999 -9999 -9999 -9999 -9999 -9999 -9999 -9999 -9999 -9999 -9999 -9999 -9999 -9999 -9999 -9999 -9999 -9999 -9999 -9999 -9999 -9999 -9999 -9999 -9999 -9999 -9999 -9999 -9999 -9999 -9999 -9999 -9999 -9999 -9999 -9999 -9999 -9999 -9999 -9999 -9999 -9999 -9999 -9999 -9999 -9999 -9999 -9999 -9999 -9999 -9999 -9999 -9999 -9999 -9999 -9999 -9999 -9999 -9999 -9999 -9999 -9999 -9999 -9999 -9999 -9999 -9999 -9999 -9999 -9999 -9999 -9999 -9999 -9999 -9999 -9999 -9999 -9999 -9999 -9999 -9999 -9999 -9999 -9999 -9999 -9999 -9999 -9999
-9999 -9999 -9999 -9999 -9999 -9999 -9999 -9999 -9999 -9999 -9999 -9999 -9999 -9999 -9999 -9999 -9999 -9999 -9999 0.1571 0.2143 0.2082 0.1526 0.1663 0.2367 0.2301 0.1959 -9999 -9999 -9999 -9999 -9999 -9999 -9999 -9999 -9999 -9999 -9999 -9999 -9999 -9999 -9999 0.1602 -9999 -9999 -9999 -9999 -9999 -9999 -9999 -9999 -9999 -9999 -9999 -9999 -9999 -9999 -9999 -9999 -9999 -9999 -9999 -9999 -9999 -9999 -9999 -9999 -9999 -9999 -9999 -9999 -9999 -9999 -9999 -9999 -9999 -9999 -9999 -9999 -9999 -9999 -9999 -9999 -9999 -9999 -9999 -9999 -9999 -9999 -9999 -9999 -9999 -9999 -9999 -9999 -9999 -9999 -9999 -9999 -9999 -9999 -9999 -9999 -9999 -9999 -9999 -9999 -9999 -9999 -9999 -9999 -9999 -9999 -9999 -9999 -9999 -9999 -9999 -9999 -9999 -9999 -9999 -9999 -9999 -9999 -9999 -9999 -9999 -9999 -9999 -9999 -9999 -9999 -9999 -9999 -9999
-9999 -9999 -9999 -9999 -9999 -9999 -9999 -9999 -9999 -9999 -9999 -9999 -9999 -9999 -9999 -9999 -9999 0.2255 0.1827 0.2046 0.2117 0.1653 0.1602 0.2327 0.2122 0.2449 0.1439 0.1934 0.1719 0.151 0.1888 0.2204 0.2117 0.198 0.1469 0.1786 0.1679 0.1439 0.1954 0.1852 0.151 0.1765 0.1888 0.1985 0.1745 -9999 -9999 -9999 -9999 -9999 -9999 -9999 -9999 -9999 -9999 -9999 -9999 -9999 -9999 -9999 -9999 -9999 -9999 -9999 -9999 -9999 -9999 -9999 -9999 -9999 -9999 -9999 -9999 -9999 -9999 -9999 -9999 -9999 -9999 -9999 -9999 -9999 -9999 -9999 -9999 -9999 -9999 -9999 -9999 -9999 -9999 -9999 -9999 -9999 -9999 -9999 -9999 -9999 -9999 -9999 -9999 -9999 -9999 -9999 -9999 -9999 -9999 -9999 -9999 -9999 -9999 -9999 -9999 -9999 -9999 -9999 -9999 -9999 -9999 -9999 -9999 -9999 -9999 -9999 -9999 -9999 -9999 -9999 -9999 -9999 -9999 -9999 -9999 -9999 -9999 -9999
-9999 -9999 -9999 -9999 -9999 -9999 -9999 -9999 -9999 -9999 -9999 -9999 -9999 -9999 -9999 -9999 -9999 0.1898 0.1592 0.1918 0.2031 0.1903 0.1832 0.176 0.1934 0.173 0.1918 0.1745 0.1852 0.1296 0.1689 0.1964 0.1857 0.1964 0.2352 0.1995 0.1531 0.2158 0.2265 0.2224 0.2077 0.1628 0.1801 0.1663 0.1383 0.1781 0.1653 0.1628 0.1265 0.1357 0.176 0.1816 -9999 -9999 -9999 -9999 -9999 -9999 -9999 -9999 -9999 0.2046 0.1985 0.1816 0.1923 0.2153 0.1362 -9999 -9999 -9999 -9999 -9999 -9999 -9999 -9999 -9999 -9999 -9999 -9999 -9999 -9999 -9999 -9999 -9999 -9999 -9999 -9999 -9999 -9999 -9999 -9999 -9999 -9999 -9999 -9999 -9999 -9999 -9999 -9999 -9999 -9999 -9999 -9999 -9999 -9999 -9999 -9999 -9999 -9999 -9999 -9999 -9999 -9999 -9999 -9999 -9999 -9999 -9999 -9999 -9999 -9999 -9999 -9999 -9999 -9999 -9999 -9999 -9999 -9999 -9999 -9999 -9999 -9999 -9999 -9999 -9999
-9999 -9999 -9999 -9999 -9999 -9999 -9999 -9999 -9999 -9999 -9999 -9999 -9999 -9999 -9999 0.1372 0.1071 0.1347 0.1939 0.1673 0.2276 0.1939 0.2408 0.1908 0.1832 0.1556 0.1571 0.1765 0.1505 0.1791 0.176 0.1781 0.1628 0.1719 0.2041 0.1668 0.1806 0.2046 0.2102 0.2582 0.2439 0.2418 0.1929 0.1908 0.1878 0.1653 0.1219 0.1347 0.1587 0.148 0.1724 0.1628 0.15 0.1551 0.1474 0.1541 0.148 0.1546 0.1776 0.2056 0.2071 0.1954 0.2102 0.2204 0.2321 0.2041 0.1577 0.2393 0.1898 0.1796 0.1913 0.2179 0.1806 0.1893 0.2143 0.2122 -9999 -9999 -9999 -9999 -9999 0.1827 0.2036 -9999 -9999 -9999 -9999 -9999 -9999 -9999 -9999 -9999 -9999 -9999 -9999 -9999 -9999 -9999 -9999 -9999 -9999 -9999 -9999 -9999 -9999 -9999 -9999 -9999 -9999 -9999 -9999 -9999 -9999 -9999 -9999 -9999 -9999 -9999 -9999 -9999 -9999 -9999 -9999 -9999 -9999 -9999 -9999 -9999 -9999 -9999 -9999 -9999 -9999 -9999 -9999 -9999
-9999 -9999 -9999 -9999 -9999 -9999 -9999 -9999 -9999 -9999 0.1408 0.1143 0.1735 0.1668 0.1827 0.1929 0.1515 0.2117 0.225 0.223 0.226 0.1929 0.2107 0.1929 0.1913 0.1612 0.176 0.2158 0.1964 0.1918 0.1724 0.1653 0.151 0.1781 0.1918 0.249 0.1995 0.1597 0.1985 0.1959 0.2622 0.2408 0.2051 0.1806 0.1735 0.1551 0.1398 0.1337 0.1235 0.1459 0.0908 0.0898 0.1577 0.1403 0.1898 0.1821 0.1439 0.1857 0.1536 0.2265 0.1526 0.2005 0.2026 0.1816 0.1903 0.1918 0.173 0.174 0.2189 0.2061 0.15 0.2546 0.2372 0.2133 0.2398 0.2367 0.2327 0.1883 0.2311 0.2342 0.2398 0.2102 0.2276 0.1949 0.1469 0.227 0.2163 -9999 -9999 -9999 -9999 -9999 -9999 -9999 -9999 -9999 -9999 -9999 -9999 -9999 -9999 -9999 -9999 -9999 -9999 -9999 -9999 -9999 -9999 -9999 -9999 -9999 -9999 -9999 -9999 -9999 -9999 -9999 -9999 -9999 -9999 -9999 -9999 -9999 -9999 -9999 -9999 -9999 -9999 -9999 -9999 -9999 -9999 -9999 -9999 -9999
-9999 -9999 -9999 -9999 -9999 -9999 -9999 -9999 0.1352 0.1597 0.1566 0.1791 0.1745 0.1842 0.1862 0.1821 0.2102 0.2347 0.2148 0.1878 0.2122 0.1862 0.1505 0.2403 0.2265 0.1903 0.2378 0.1934 0.1679 0.2184 0.2311 0.2255 0.1898 0.1372 0.1837 0.1796 0.1673 0.1648 0.1765 0.1372 0.1628 0.1255 0.2173 0.1954 0.1913 0.1592 0.1684 0.0602 0.074 0.076 0.0597 0.0464 0.099 0.0643 0.149 0.1439 0.1821 0.1755 0.1796 0.1592 0.2036 0.1934 0.1964 0.0959 0.0857 0.1852 0.1526 0.2066 0.1515 0.2444 0.251 0.2474 0.2617 0.1913 0.226 0.2082 0.2071 0.1724 0.1862 0.2306 0.2459 0.226 0.2352 0.2301 0.2327 0.2495 0.1689 -9999 -9999 -9999 -9999 -9999 -9999 -9999 -9999 -9999 -9999 -9999 -9999 -9999 -9999 -9999 -9999 -9999 -9999 -9999 -9999 -9999 -9999 -9999 -9999 -9999 -9999 -9999 -9999 -9999 -9999 -9999 -9999 -9999 -9999 -9999 -9999 -9999 -9999 -9999 -9999 -9999 -9999 -9999 -9999 -9999 -9999 -9999 -9999 -9999
-9999 -9999 -9999 -9999 -9999 -9999 -9999 -9999 0.1112 0.1592 0.1883 0.2378 0.2505 0.2408 0.2352 0.2306 0.2352 0.1837 0.2194 0.2311 0.2158 0.1704 0.2066 0.1872 0.148 0.2 0.1903 0.224 0.2332 0.2602 0.3184 0.3005 0.2087 0.1347 0.1367 0.2077 0.1755 0.1959 0.1587 0.1719 0.1582 0.173 0.2342 0.199 0.2128 0.0347 0.0837 0.0934 0.1265 0.0724 0.0658 0.0944 0.0408 0.0883 0.0878 0.2071 0.1301 0.1112 0.1026 0.1679 0.1719 0.1816 0.149 0.1051 0.0704 0.1857 0.1735 0.251 0.2311 0.3276 0.3051 0.3107 0.2061 0.223 0.2444 0.199 0.2163 0.2122 0.202 0.1944 0.2219 0.202 0.202 0.2485 0.2332 0.2423 0.0847 -9999 -9999 -9999 -9999 -9999 -9999 -9999 -9999 -9999 -9999 -9999 -9999 -9999 -9999 -9999 -9999 -9999 -9999 -9999 -9999 -9999 -9999 -9999 -9999 -9999 -9999 -9999 -9999 -9999 -9999 -9999 -9999 -9999 -9999 -9999 -9999 -9999 -9999 -9999 -9999 -9999 -9999 -9999 -9999 -9999 -9999 -9999 -9999 -9999
-9999 -9999 -9999 -9999 -9999 -9999 -9999 0.1403 0.1531 0.2143 0.226 0.2388 0.2357 0.2367 0.2464 0.2046 0.2214 0.251 0.1893 0.173 0.1903 0.1974 0.2541 0.2372 0.224 0.2352 0.2454 0.2026 0.275 0.3199 0.2872 0.2393 0.152 0.1327 0.0724 0.0847 0.1801 0.0969 0.1556 0.0827 0.1255 0.1235 0.175 0.0765 0.1133 0.0995 0.0714 0.0536 0.0679 0.052 0.0827 0.0709 0.0582 0.127 0.1153 0.0883 0.1444 0.1571 0.3367 0.348 0.3541 0.227 0.2281 0.2357 0.3153 0.3071 0.2214 0.299 0.4107 0.3439 0.4286 0.3954 0.2352 0.2204 0.2342 0.2128 0.1867 0.1592 0.2347 0.099 0.1056 0.1689 0.1643 0.2184 0.1449 0.0699 0.051 0.0612 0.0617 0.1179 0.0944 0.0974 0.0658 0.0541 -9999 -9999 -9999 -9999 -9999 -9999 -9999 -9999 -9999 -9999 -9999 -9999 -9999 -9999 -9999 -9999 -9999 -9999 -9999 -9999 -9999 -9999 -9999 -9999 -9999 -9999 -9999 -9999 -9999 -9999 -9999 -9999 -9999 -9999 -9999 -9999 -9999 -9999 -9999 -9999 -9999 -9999
-9999 -9999 -9999 -9999 -9999 -9999 -9999 0.1092 0.1327 0.2423 0.2031 0.2464 0.2362 0.2296 0.2413 0.2434 0.2286 0.2337 0.2449 0.2393 0.2883 0.2668 0.3138 0.3444 0.3077 0.2888 0.2872 0.3015 0.2862 0.2827 0.3439 0.1566 0.1005 0.0714 0.1189 0.1077 0.2066 0.1699 0.1628 0.0944 0.1321 0.1786 0.1847 0.1832 0.0862 0.1622 0.1393 0.1107 0.1102 0.1143 0.124 0.0821 0.0485 0.0903 0.1388 0.1929 0.2199 0.2628 0.2847 0.373 0.4602 0.5112 0.4883 0.4724 0.4214 0.4551 0.4745 0.4898 0.4857 0.5357 0.4918 0.4923 0.4776 0.4622 0.3673 0.3434 0.3378 0.2291 0.2107 0.2163 0.1168 0.1301 0.2811 0.3117 0.2847 0.249 0.0719 0.1112 0.099 0.1168 0.1112 0.124 0.1056 0.073 0.0811 -9999 -9999 -9999 -9999 -9999 -9999 -9999 -9999 -9999 -9999 -9999 -9999 -9999 -9999 -9999 -9999 -9999 -9999 -9999 -9999 -9999 -9999 -9999 -9999 -9999 -9999 -9999 -9999 -9999 -9999 -9999 -9999 -9999 -9999 -9999 -9999 -9999 -9999 -9999 -9999 -9999
-9999 -9999 -9999 -9999 -9999 -9999 -9999 -9999 -9999 0.1827 0.2148 0.2117 0.2434 0.2556 0.2459 0.2505 0.251 0.2372 0.2862 0.3143 0.3204 0.3061 0.3439 0.3423 0.3679 0.3306 0.3112 0.3133 0.2867 0.3531 0.373 0.1138 0.0888 0.1469 0.2321 0.2842 0.1515 0.124 0.1219 0.1862 0.2092 0.1954 0.3699 0.2699 0.2811 0.175 0.1959 0.1107 0.1551 0.173 0.1571 0.1408 0.1643 0.1893 0.2071 0.274 0.2862 0.3918 0.4459 0.3714 0.5633 0.5699 0.5964 0.5526 0.5265 0.5551 0.6138 0.6306 0.6143 0.6112 0.6122 0.5806 0.5592 0.4898 0.4995 0.4332 0.4561 0.3954 0.324 0.1408 0.1321 0.1893 0.4291 0.575 0.5413 0.4143 0.3163 0.1628 0.1209 0.1638 0.1408 0.1327 0.1398 0.0806 0.0347 0.0872 0.0653 0.027 0.0378 0.0408 -9999 -9999 -9999 -9999 -9999 -9999 -9999 0.1362 0.1224 0.1362 0.1158 0.0806 -9999 -9999 -9999 -9999 -9999 -9999 -9999 -9999 -9999 -9999 -9999 -9999 -9999 -9999 -9999 -9999 -9999 -9999 -9999 -9999 -9999 -9999 -9999 -9999
-9999 -9999 -9999 -9999 -9999 -9999 -9999 -9999 -9999 -9999 0.2531 0.2464 0.2505 0.2526 0.2551 0.2536 0.249 0.2449 0.2791 0.2964 0.2985 0.3194 0.4342 0.4684 0.3699 0.3918 0.2888 0.3571 0.2658 0.2082 0.3776 0.1464 0.1209 0.3245 0.3051 0.4347 0.2372 0.2199 0.1821 0.2235 0.2857 0.3816 0.4653 0.4612 0.474 0.4602 0.4587 0.2934 0.2776 0.2832 0.2306 0.2515 0.226 0.2684 0.3071 0.3454 0.4944 0.5327 0.3765 0.4837 0.5832 0.6862 0.6821 0.6633 0.6 0.7173 0.7015 0.6648 0.6 0.6301 0.6954 0.6964 0.6265 0.5969 0.5607 0.5592 0.6189 0.6648 0.6888 0.7194 0.6893 0.7071 0.7291 0.7173 0.651 0.6974 0.7026 0.7281 0.5531 0.349 0.5077 0.4332 0.3276 0.3071 0.1204 0.1082 0.0929 0.0638 0.0791 0.0505 0.0485 0.0561 0.0638 0.0546 0.0505 0.1378 0.1199 0.1265 0.1362 0.0934 0.1189 0.1332 0.1362 0.1612 0.1163 -9999 -9999 -9999 -9999 -9999 -9999 -9999 -9999 -9999 -9999 -9999 -9999 -9999 -9999 -9999 -9999 -9999 -9999 -9999 -9999 -9999
-9999 -9999 -9999 -9999 -9999 -9999 -9999 -9999 -9999 0.1837 0.1929 0.1974 0.202 0.2699 0.2679 0.2526 0.2526 0.2367 0.2883 0.2974 0.3939 0.4163 0.4852 0.5087 0.4969 0.6158 0.4837 0.3582 0.1852 0.1607 0.1209 0.1607 0.4163 0.6735 0.6 0.6056 0.5474 0.5143 0.4291 0.4286 0.4184 0.3684 0.4673 0.4413 0.4658 0.5143 0.5026 0.449 0.4485 0.3821 0.3102 0.2735 0.3454 0.3378 0.4551 0.4694 0.5842 0.6092 0.5643 0.5883 0.6133 0.6939 0.6959 0.6668 0.7173 0.7148 0.7153 0.7122 0.7036 0.6245 0.7143 0.6995 0.6857 0.6592 0.6423 0.6929 0.6944 0.7056 0.7066 0.7117 0.7092 0.7306 0.7311 0.7265 0.7163 0.6969 0.7265 0.7306 0.7128 0.7092 0.6352 0.701 0.6209 0.5051 0.4398 0.2985 0.2342 0.2332 0.1128 0.0663 0.0679 0.0327 0.0679 0.0561 0.1112 0.1449 0.1321 0.151 0.1301 0.1066 0.1362 0.1577 0.1602 0.1893 0.1985 -9999 -9999 -9999 -9999 -9999 -9999 -9999 -9999 -9999 -9999 -9999 -9999 -9999 -9999 -9999 -9999 -9999 -9999 -9999 -9999 -9999
-9999 -9999 -9999 -9999 -9999 -9999 -9999 -9999 -9999 -9999 0.1776 0.1954 0.2112 0.2383 0.2515 0.248 0.2526 0.2776 0.3077 0.3811 0.5082 0.5449 0.4893 0.4663 0.5066 0.6582 0.6495 0.4092 0.1628 0.1041 0.151 0.2337 0.5245 0.4872 0.4505 0.4633 0.3449 0.4658 0.4974 0.5321 0.4709 0.4184 0.5102 0.4566 0.4714 0.5189 0.5133 0.5061 0.4429 0.4658 0.4694 0.324 0.4265 0.4918 0.5148 0.6194 0.6036 0.6209 0.6321 0.6592 0.7005 0.7005 0.6944 0.6949 0.6964 0.699 0.7138 0.7138 0.6827 0.6806 0.7128 0.7133 0.6969 0.7082 0.724 0.7061 0.7255 0.726 0.7281 0.7276 0.7286 0.725 0.7301 0.7128 0.724 0.699 0.727 0.7281 0.6929 0.7015 0.624 0.5301 0.6311 0.5704 0.5153 0.476 0.4372 0.3097 0.1449 0.1158 0.1056 0.1444 0.152 0.1066 0.1179 0.1474 0.124 0.1444 0.1316 0.1643 0.1628 0.1847 0.2388 0.1974 0.1811 0.1781 0.1505 0.1949 0.2199 0.2276 -9999 -9999 -9999 -9999 -9999 -9999 -9999 -9999 -9999 0.6612 0.651 0.676 -9999 -9999 -9999 -9999
-9999 -9999 -9999 -9999 -9999 -9999 -9999 -9999 -9999 -9999 -9999 0.2061 0.2092 0.2592 0.2878 0.2929 0.2929 0.298 0.3821 0.4173 0.4449 0.6474 0.5689 0.4694 0.4796 0.4714 0.4949 0.2077 0.3097 0.2153 0.1786 0.1949 0.1393 0.1699 0.2342 0.2617 0.3245 0.5847 0.6281 0.5704 0.5495 0.5082 0.5286 0.5179 0.5633 0.6051 0.5709 0.5189 0.4714 0.4577 0.5663 0.5316 0.5276 0.5974 0.6122 0.6286 0.6362 0.648 0.6684 0.7056 0.6679 0.7036 0.6816 0.6934 0.6934 0.6872 0.7122 0.6806 0.6531 0.5908 0.5893 0.5913 0.7077 0.7235 0.6811 0.7138 0.7092 0.7143 0.7291 0.7306 0.7311 0.7291 0.7316 0.7071 0.7327 0.7148 0.7168 0.7286 0.7097 0.6265 0.4918 0.5194 0.5888 0.6643 0.6474 0.6286 0.5684 0.5286 0.449 0.2061 0.1776 0.2281 0.2153 0.123 0.1796 0.2077 0.1954 0.199 0.2245 0.2082 0.1898 0.2357 0.2 0.2311 0.2403 0.2327 0.1857 0.2189 0.248 0.3092 0.2245 0.1903 0.4224 0.6362 0.5056 0.573 0.6867 0.7281 0.7245 0.7306 0.7112 0.7199 0.725 -9999 -9999 -9999
-9999 -9999 -9999 -9999 -9999 -9999 -9999 -9999 -9999 -9999 -9999 -9999 0.198 0.2485 0.274 0.3153 0.3143 0.2883 0.3643 0.4092 0.4592 0.575 0.5944 0.4536 0.3867 0.3821 0.2837 0.1429 0.2561 0.2704 0.1321 0.0816 0.126 0.1408 0.1561 0.2929 0.2878 0.3781 0.5918 0.6163 0.6235 0.6372 0.6393 0.6102 0.6204 0.6199 0.5735 0.6133 0.6112 0.6133 0.6245 0.6255 0.598 0.6245 0.6413 0.6418 0.6429 0.6622 0.6949 0.6464 0.599 0.7046 0.6888 0.6959 0.6939 0.6929 0.6847 0.4949 0.3046 0.2857 0.2934 0.2724 0.5699 0.4612 0.3617 0.5995 0.6128 0.7276 0.724 0.7316 0.7311 0.7148 0.7327 0.6898 0.7112 0.7281 0.7153 0.7337 0.726 0.7291 0.6908 0.7082 0.6852 0.7077 0.5969 0.4791 0.4898 0.4781 0.4327 0.4571 0.2597 0.5597 0.6 0.5281 0.4393 0.4821 0.4668 0.4806 0.4444 0.4357 0.4286 0.3408 0.2878 0.2969 0.2643 0.224 0.2372 0.2092 0.2306 0.1995 0.251 0.3816 0.4658 0.4735 0.6832 0.7041 0.7117 0.7291 0.7199 0.7026 0.7051 0.725 0.7224 0.7082 -9999 -9999
-9999 -9999 -9999 -9999 -9999 -9999 -9999 -9999 -9999 -9999 -9999 -9999 0.225 0.2673 0.2944 0.3112 0.3689 0.3883 0.4046 0.3699 0.4128 0.4954 0.5872 0.4786 0.3658 0.2531 0.1622 0.1107 0.1464 0.2189 0.1133 0.0694 0.0765 0.1398 0.1852 0.1857 0.2796 0.374 0.5918 0.602 0.6128 0.6122 0.6342 0.6673 0.6668 0.6173 0.6485 0.6332 0.6332 0.6719 0.676 0.677 0.7061 0.6679 0.6903 0.6587 0.6337 0.6536 0.6291 0.6628 0.6949 0.7041 0.7046 0.6883 0.6704 0.6061 0.4117 0.3173 0.275 0.2694 0.2214 0.2622 0.3005 0.3031 0.524 0.6939 0.5689 0.7235 0.7276 0.7291 0.7245 0.7296 0.7306 0.7102 0.7321 0.7342 0.7204 0.7117 0.727 0.7342 0.7316 0.7321 0.7265 0.7327 0.6888 0.7056 0.6923 0.7102 0.6806 0.7143 0.6474 0.6597 0.6964 0.6413 0.626 0.5087 0.5306 0.6026 0.476 0.5673 0.5296 0.4352 0.4255 0.4944 0.2954 0.2352 0.2434 0.2133 0.2592 0.4194 0.4592 0.5286 0.6806 0.5918 0.6883 0.698 0.7056 0.7143 0.7209 0.7306 0.7276 0.723 0.7005 -9999 -9999 -9999
-9999 -9999 -9999 -9999 -9999 -9999 -9999 -9999 -9999 -9999 -9999 0.252 0.2531 0.2704 0.3633 0.3281 0.4015 0.3648 0.4066 0.3724 0.3888 0.4036 0.4622 0.4679 0.4316 0.3923 0.2403 0.2128 0.1735 0.1893 0.1061 0.0801 0.0658 0.1255 0.1801 0.274 0.3291 0.5913 0.6398 0.6352 0.6418 0.6464 0.6724 0.6724 0.7102 0.6837 0.7112 0.677 0.702 0.7097 0.6974 0.701 0.7041 0.7128 0.6781 0.652 0.5546 0.6403 0.6587 0.7097 0.7026 0.7092 0.6842 0.7041 0.6842 0.6337 0.6898 0.6296 0.5745 0.2612 0.2801 0.2602 0.2633 0.2995 0.3138 0.3444 0.6587 0.6755 0.7224 0.7286 0.723 0.7296 0.7199 0.7056 0.7102 0.7112 0.7117 0.7077 0.7026 0.7199 0.7265 0.7179 0.7204 0.7158 0.7352 0.7352 0.7296 0.7357 0.7347 0.7194 0.7301 0.7332 0.7005 0.4985 0.473 0.5117 0.5077 0.4827 0.4888 0.6372 0.6316 0.5352 0.526 0.6133 0.5862 0.4959 0.5556 0.3872 0.3821 0.7015 0.6143 0.6051 0.7122 0.7163 0.5801 0.7194 0.7138 0.7357 0.7184 0.7311 0.7143 0.6913 0.7051 -9999 -9999 -9999
-9999 -9999 -9999 -9999 -9999 -9999 -9999 -9999 -9999 -9999 -9999 0.2526 0.2827 0.2398 0.3638 0.376 0.3903 0.326 0.3791 0.3566 0.3658 0.3066 0.3316 0.3781 0.4372 0.3821 0.3321 0.2837 0.2194 0.1719 0.1872 0.1699 0.1214 0.1755 0.3133 0.4648 0.4949 0.6418 0.6474 0.7015 0.6827 0.7036 0.7107 0.6837 0.676 0.6745 0.6862 0.6893 0.6913 0.7087 0.674 0.6908 0.6699 0.6908 0.6551 0.6832 0.6969 0.6643 0.6505 0.6184 0.6454 0.699 0.7026 0.6735 0.6413 0.6036 0.5694 0.6301 0.6357 0.4653 0.3214 0.2883 0.2776 0.2668 0.3051 0.4036 0.5724 0.6199 0.6765 0.7296 0.7158 0.7214 0.7337 0.7082 0.6526 0.6781 0.6388 0.6219 0.6694 0.6755 0.6908 0.7056 0.7327 0.7281 0.7281 0.7214 0.7265 0.7357 0.7276 0.7347 0.7347 0.7214 0.6888 0.6189 0.524 0.4939 0.5949 0.5342 0.5347 0.5469 0.5056 0.6357 0.699 0.7117 0.7077 0.6888 0.6934 0.7235 0.7199 0.7133 0.727 0.677 0.6551 0.727 0.7321 0.7342 0.7077 0.7214 0.7337 0.7321 0.7276 0.702 0.6903 -9999 -9999 -9999
-9999 -9999 -9999 -9999 -9999 -9999 -9999 -9999 -9999 -9999 -9999 0.2153 0.2173 0.2464 0.2668 0.3153 0.349 0.3133 0.3724 0.3495 0.2934 0.3168 0.2561 0.2883 0.4342 0.4597 0.4133 0.3893 0.3061 0.2923 0.2929 0.3036 0.3301 0.35 0.5138 0.5617 0.6082 0.626 0.626 0.6459 0.675 0.7092 0.7128 0.6837 0.677 0.6923 0.6913 0.6842 0.6903 0.7 0.675 0.6903 0.6469 0.6179 0.6265 0.6908 0.6531 0.6526 0.6541 0.6235 0.6148 0.623 0.6449 0.6332 0.6046 0.4633 0.5026 0.501 0.5612 0.5148 0.4852 0.473 0.4582 0.4755 0.5602 0.6459 0.7026 0.6974 0.7102 0.7133 0.7316 0.7347 0.6964 0.6974 0.7087 0.651 0.625 0.6087 0.6224 0.6092 0.625 0.598 0.6495 0.676 0.7117 0.7337 0.7352 0.7347 0.7332 0.7219 0.7061 0.6903 0.6658 0.6679 0.6556 0.6587 0.6903 0.5724 0.6633 0.7112 0.7138 0.7005 0.7199 0.7102 0.7128 0.7087 0.726 0.7138 0.7255 0.7235 0.7179 0.7148 0.7163 0.7005 0.7342 0.7337 0.7321 0.7194 0.7005 0.7082 0.7128 0.7117 0.7148 -9999 -9999 -9999
-9999 -9999 -9999 -9999 -9999 -9999 -9999 -9999 -9999 -9999 -9999 0.2097 0.277 0.2903 0.2582 0.3413 0.3179 0.3531 0.2883 0.2515 0.2939 0.3015 0.2776 0.275 0.3689 0.4862 0.5862 0.5811 0.6454 0.5806 0.4653 0.3898 0.477 0.6158 0.6163 0.6362 0.7097 0.6959 0.7102 0.651 0.6449 0.7143 0.7087 0.7153 0.6786 0.675 0.6847 0.6872 0.6898 0.6765 0.6684 0.6434 0.5699 0.6408 0.676 0.6469 0.6541 0.6321 0.6342 0.6337 0.6255 0.6342 0.6469 0.6281 0.6056 0.5638 0.6117 0.576 0.5423 0.5301 0.4929 0.476 0.5168 0.5158 0.5026 0.6255 0.6515 0.7087 0.7102 0.7281 0.7342 0.7133 0.7342 0.7332 0.6913 0.6617 0.6133 0.6235 0.6066 0.6224 0.625 0.6224 0.6189 0.6536 0.6816 0.6898 0.7046 0.6918 0.6827 0.6781 0.6653 0.6276 0.6255 0.626 0.6531 0.6689 0.6536 0.6898 0.7112 0.7102 0.7332 0.7337 0.7332 0.7357 0.7327 0.6908 0.7066 0.7286 0.7265 0.7311 0.727 0.5862 0.6332 0.6097 0.5077 0.727 0.701 0.7281 0.7311 0.723 0.727 0.7235 -9999 -9999 -9999 -9999
-9999 -9999 -9999 -9999 -9999 -9999 -9999 -9999 -9999 -9999 -9999 0.2128 0.2403 0.2571 0.2408 0.2628 0.2668 0.2526 0.2485 0.2755 0.252 0.2536 0.2454 0.3597 0.3832 0.5133 0.6745 0.7327 0.7342 0.7122 0.6959 0.5153 0.652 0.648 0.6449 0.6939 0.7117 0.7051 0.7148 0.7153 0.7163 0.7026 0.6954 0.6765 0.674 0.6673 0.6684 0.6643 0.677 0.6923 0.6959 0.6546 0.6398 0.6745 0.6745 0.6571 0.6383 0.6332 0.5862 0.6031 0.624 0.6648 0.6551 0.649 0.6403 0.6077 0.5888 0.6026 0.626 0.5454 0.5199 0.5097 0.4801 0.4842 0.5 0.6133 0.674 0.7056 0.7117 0.7321 0.7219 0.7204 0.7296 0.7357 0.6954 0.6653 0.6066 0.6189 0.623 0.5995 0.6015 0.6092 0.6 0.6255 0.6281 0.6383 0.6342 0.6276 0.6219 0.6265 0.6209 0.6184 0.6255 0.626 0.6265 0.6265 0.6097 0.624 0.6673 0.673 0.6985 0.7102 0.723 0.7337 0.7102 0.7342 0.7281 0.7122 0.7102 0.7296 0.7071 0.6735 0.7138 0.7332 0.7179 0.6969 0.7321 0.7163 0.726 0.7112 0.7255 -9999 -9999 -9999 -9999 -9999
-9999 -9999 -9999 -9999 -9999 -9999 -9999 -9999 -9999 -9999 -9999 -9999 0.1694 0.2566 0.2061 0.2372 0.3209 0.348 0.3495 0.3378 0.298 0.2913 0.3908 0.3592 0.5102 0.6117 0.6949 0.7122 0.723 0.7357 0.7117 0.6791 0.6872 0.6776 0.7148 0.7138 0.699 0.7133 0.7143 0.702 0.7143 0.698 0.7168 0.6648 0.6464 0.6367 0.6459 0.6485 0.6684 0.6531 0.7092 0.6878 0.7107 0.7107 0.7031 0.6633 0.6556 0.6112 0.6719 0.6556 0.6337 0.5898 0.6378 0.6541 0.6418 0.5821 0.5464 0.6031 0.6041 0.5367 0.4862 0.5281 0.5429 0.5434 0.4944 0.5418 0.6383 0.7122 0.7092 0.7332 0.7332 0.7214 0.7332 0.7194 0.7117 0.6643 0.624 0.6077 0.6066 0.6102 0.6168 0.599 0.5862 0.6245 0.626 0.6255 0.626 0.6107 0.626 0.6092 0.6112 0.6245 0.625 0.623 0.6255 0.626 0.6255 0.625 0.625 0.6474 0.6827 0.7117 0.7194 0.7087 0.7097 0.7163 0.7321 0.723 0.7194 0.6944 0.7281 0.7224 0.7148 0.7255 0.7306 0.7107 0.726 0.7255 -9999 -9999 -9999 -9999 -9999 -9999 -9999 -9999
-9999 -9999 -9999 -9999 -9999 -9999 -9999 -9999 -9999 -9999 -9999 -9999 0.1684 0.2112 0.2143 0.2306 0.3291 0.3663 0.3454 0.2908 0.3724 0.3903 0.3959 0.4128 0.5 0.6694 0.701 0.726 0.7235 0.7291 0.7163 0.7163 0.7199 0.7296 0.7122 0.7337 0.7301 0.7163 0.7153 0.7041 0.7173 0.7163 0.6974 0.6418 0.6199 0.6066 0.6046 0.6026 0.65 0.6714 0.6918 0.7153 0.7153 0.7051 0.7122 0.7128 0.6556 0.6464 0.6633 0.626 0.6163 0.6189 0.6546 0.5276 0.5306 0.5842 0.5811 0.598 0.5832 0.5505 0.5684 0.5526 0.5592 0.5668 0.6204 0.6112 0.5903 0.5214 0.6622 0.6816 0.7005 0.7347 0.7321 0.6939 0.7107 0.6439 0.6224 0.6158 0.6015 0.6209 0.6173 0.6194 0.6092 0.6148 0.6066 0.5832 0.5633 0.5709 0.5617 0.624 0.6209 0.6082 0.6235 0.6046 0.625 0.625 0.6311 0.6684 0.6745 0.6577 0.7107 0.7255 0.7276 0.7179 0.7122 0.6903 0.7286 0.7163 0.7122 0.7051 0.7112 0.7235 0.7046 0.727 0.6985 0.7276 -9999 -9999 -9999 -9999 -9999 -9999 -9999 -9999 -9999 -9999
-9999 -9999 -9999 -9999 -9999 -9999 -9999 -9999 -9999 -9999 -9999 -9999 0.1245 0.1597 0.175 0.2066 0.2735 0.3372 0.3597 0.3097 0.3423 0.3668 0.3944 0.5153 0.5857 0.6745 0.7179 0.7102 0.7194 0.7046 0.7184 0.7337 0.7311 0.7347 0.7214 0.7291 0.7321 0.7327 0.7015 0.6974 0.7133 0.7153 0.6878 0.6658 0.6245 0.6026 0.6 0.5934 0.6179 0.6526 0.6582 0.6913 0.675 0.677 0.6923 0.7128 0.7158 0.6663 0.6541 0.6566 0.6429 0.5974 0.5327 0.6046 0.6173 0.6352 0.649 0.6056 0.5036 0.5219 0.5255 0.5301 0.5352 0.5418 0.5612 0.6133 0.5878 0.5439 0.6128 0.5531 0.5735 0.6796 0.7128 0.7117 0.6806 0.6357 0.6515 0.6867 0.6684 0.6265 0.626 0.626 0.6082 0.6026 0.5959 0.5398 0.5347 0.5673 0.5755 0.6071 0.625 0.6224 0.5898 0.6265 0.6602 0.6679 0.6872 0.6827 0.7189 0.7332 0.7158 0.7286 0.7281 0.7342 0.7306 0.6929 0.7168 0.7066 0.6913 0.702 0.7245 0.7087 0.7214 0.6934 -9999 -9999 -9999 -9999 -9999 -9999 -9999 -9999 -9999 -9999 -9999 -9999
-9999 -9999 -9999 -9999 -9999 -9999 -9999 -9999 -9999 -9999 -9999 -9999 -9999 0.1337 0.2015 0.2408 0.3122 0.2668 0.3184 0.352 0.3837 0.3913 0.5071 0.6107 0.6653 0.7199 0.7327 0.7276 0.7092 0.7173 0.7342 0.7082 0.7316 0.7347 0.7342 0.7255 0.7071 0.7332 0.7066 0.7173 0.7143 0.6745 0.6622 0.6153 0.6464 0.6077 0.6056 0.5622 0.6066 0.6087 0.6464 0.6337 0.6709 0.6699 0.6918 0.6944 0.7168 0.6474 0.6199 0.6163 0.6536 0.6434 0.6485 0.7015 0.6811 0.6189 0.4628 0.499 0.4663 0.4934 0.5026 0.5255 0.5097 0.5949 0.5765 0.5827 0.5862 0.5929 0.6102 0.6413 0.6898 0.6781 0.6913 0.7066 0.6918 0.625 0.5281 0.548 0.6714 0.6561 0.5898 0.626 0.6204 0.6041 0.6026 0.5429 0.5235 0.5398 0.573 0.6184 0.6224 0.623 0.625 0.6668 0.673 0.6883 0.7097 0.7036 0.7347 0.7265 0.7332 0.7316 0.7148 0.7321 0.7281 0.7265 0.7128 0.7276 0.7082 0.6995 0.7255 0.701 -9999 -9999 -9999 -9999 -9999 -9999 -9999 -9999 -9999 -9999 -9999 -9999 -9999 -9999
-9999 -9999 -9999 -9999 -9999 -9999 -9999 -9999 -9999 -9999 -9999 -9999 -9999 0.1321 0.1745 0.2168 0.2806 0.3536 0.3541 0.3949 0.4439 0.4898 0.6408 0.6944 0.7189 0.7077 0.7102 0.7148 0.7148 0.7296 0.7291 0.7306 0.7316 0.7122 0.7342 0.7286 0.7347 0.7291 0.6995 0.7173 0.7117 0.7163 0.6959 0.6878 0.6602 0.6439 0.6444 0.5954 0.598 0.6071 0.6311 0.6495 0.6495 0.6699 0.6786 0.6934 0.6796 0.6184 0.6153 0.6347 0.6148 0.6367 0.6566 0.6786 0.6372 0.4633 0.4352 0.4704 0.4816 0.4806 0.6168 0.6179 0.6051 0.6286 0.5536 0.5143 0.5612 0.5918 0.5939 0.5536 0.5367 0.6577 0.7107 0.6403 0.6929 0.6934 0.624 0.5699 0.5536 0.6888 0.6923 0.6347 0.6209 0.6194 0.6107 0.6015 0.6087 0.6199 0.624 0.6082 0.6235 0.6653 0.6561 0.6832 0.6923 0.7097 0.7184 0.7301 0.7245 0.7148 0.7173 0.6923 0.7189 0.7235 0.698 0.7291 0.726 0.7153 0.7255 -9999 -9999 -9999 -9999 -9999 -9999 -9999 -9999 -9999 -9999 -9999 -9999 -9999 -9999 -9999 -9999 -9999
-9999 -9999 -9999 -9999 -9999 -9999 -9999 -9999 -9999 -9999 -9999 -9999 -9999 -9999 0.2015 0.1995 0.2337 0.3281 0.3541 0.4087 0.5117 0.5403 0.6673 0.6878 0.7255 0.7168 0.7209 0.6663 0.7153 0.7133 0.7347 0.7332 0.726 0.7332 0.7189 0.7306 0.7163 0.7148 0.6888 0.7138 0.699 0.7168 0.7163 0.6898 0.6653 0.6684 0.6474 0.6551 0.6679 0.6934 0.6898 0.6454 0.6276 0.6418 0.6689 0.6704 0.6393 0.6041 0.6291 0.6515 0.5816 0.6199 0.6296 0.5061 0.4898 0.4801 0.4939 0.4883 0.5219 0.5485 0.6015 0.6158 0.6163 0.6153 0.5592 0.5372 0.5092 0.5107 0.4714 0.4974 0.5321 0.5153 0.652 0.6969 0.6791 0.651 0.7173 0.7138 0.6173 0.7 0.7286 0.7056 0.6648 0.6051 0.6041 0.625 0.6143 0.625 0.6245 0.5969 0.6653 0.7051 0.7133 0.7112 0.7107 0.7301 0.7071 0.7245 0.7316 0.7316 0.6903 0.7071 0.7199 0.7265 0.6985 -9999 -9999 -9999 -9999 -9999 -9999 -9999 -9999 -9999 -9999 -9999 -9999 -9999 -9999 -9999 -9999 -9999 -9999 -9999 -9999 -9999
-9999 -9999 -9999 -9999 -9999 -9999 -9999 -9999 -9999 -9999 -9999 -9999 -9999 -9999 0.199 0.2117 0.226 0.325 0.3367 0.3668 0.4189 0.4158 0.527 0.6679 0.6985 0.7204 0.7148 0.7321 0.702 0.7296 0.7352 0.7347 0.7153 0.7189 0.7224 0.7352 0.7342 0.7219 0.7041 0.6888 0.7117 0.7173 0.7107 0.6923 0.6862 0.6643 0.6505 0.675 0.7071 0.7316 0.7097 0.6561 0.6362 0.6276 0.6668 0.673 0.675 0.6531 0.6276 0.6398 0.6046 0.4561 0.4439 0.624 0.7112 0.5097 0.5071 0.6633 0.6342 0.6209 0.6561 0.651 0.6107 0.6286 0.5347 0.5439 0.5536 0.5026 0.4954 0.525 0.5031 0.5418 0.5898 0.5684 0.6566 0.6403 0.7092 0.7168 0.7061 0.5786 0.7168 0.6939 0.675 0.6337 0.625 0.6092 0.626 0.6265 0.6673 0.6939 0.7138 0.7168 0.7235 0.7311 0.7306 0.7311 0.7316 0.7301 0.7337 0.7306 0.652 -9999 -9999 -9999 -9999 -9999 -9999 -9999 -9999 -9999 -9999 -9999 -9999 -9999 -9999 -9999 -9999 -9999 -9999 -9999 -9999 -9999 -9999 -9999 -9999 -9999
-9999 -9999 -9999 -9999 -9999 -9999 -9999 -9999 -9999 -9999 -9999 -9999 -9999 0.1577 0.1954 0.1668 0.2648 0.3 0.375 0.4112 0.4485 0.498 0.5143 0.6041 0.6755 0.7097 0.7291 0.7286 0.726 0.7138 0.7296 0.7219 0.7245 0.7306 0.7148 0.7265 0.7347 0.7194 0.7061 0.7031 0.7138 0.7173 0.7128 0.6862 0.6918 0.6704 0.676 0.6842 0.7107 0.6918 0.7143 0.6903 0.6398 0.6689 0.674 0.6985 0.6857 0.6643 0.674 0.6684 0.4658 0.4638 0.5138 0.6107 0.6704 0.7082 0.6934 0.7122 0.7056 0.7173 0.7112 0.6398 0.6383 0.6296 0.5352 0.524 0.5301 0.5184 0.5219 0.5219 0.4969 0.5194 0.5459 0.5561 0.5944 0.623 0.626 0.7097 0.701 0.675 0.7133 0.7015 0.7158 0.6883 0.6837 0.6592 0.7097 0.7082 0.7153 0.7321 0.723 0.7204 0.7066 0.7189 0.7163 0.7311 0.699 0.7041 0.6837 0.6546 -9999 -9999 -9999 -9999 -9999 -9999 -9999 -9999 -9999 -9999 -9999 -9999 -9999 -9999 -9999 -9999 -9999 -9999 -9999 -9999 -9999 -9999 -9999 -9999 -9999 -9999
-9999 -9999 -9999 -9999 -9999 -9999 -9999 -9999 -9999 -9999 -9999 -9999 -9999 0.1699 0.1847 0.1908 0.2821 0.2694 0.3551 0.4179 0.402 0.4582 0.4949 0.5082 0.5714 0.6265 0.6816 0.7163 0.7102 0.7281 0.727 0.7327 0.7281 0.7301 0.7342 0.7158 0.7321 0.7347 0.7179 0.7158 0.7133 0.7168 0.7138 0.7041 0.7015 0.699 0.7102 0.7168 0.7071 0.7102 0.7158 0.7122 0.6939 0.6929 0.7122 0.6949 0.6888 0.6832 0.5842 0.3071 0.2485 0.2852 0.4653 0.7015 0.7291 0.7066 0.7168 0.7071 0.7173 0.7168 0.6781 0.6255 0.6082 0.651 0.5526 0.473 0.5505 0.5429 0.5133 0.5087 0.5061 0.4847 0.5184 0.5179 0.5357 0.5219 0.5847 0.5929 0.5485 0.6087 0.6541 0.7148 0.7138 0.6806 0.6944 0.7092 0.7092 0.7281 0.7281 0.7107 0.7311 0.7143 0.7327 0.7286 0.6974 0.6668 0.7311 0.6495 0.6056 -9999 -9999 -9999 -9999 -9999 -9999 -9999 -9999 -9999 -9999 -9999 -9999 -9999 -9999 -9999 -9999 -9999 -9999 -9999 -9999 -9999 -9999 -9999 -9999 -9999 -9999 -9999
-9999 -9999 -9999 -9999 -9999 -9999 -9999 -9999 -9999 -9999 -9999 -9999 -9999 0.1806 0.2046 0.201 0.2449 0.3607 0.3699 0.4148 0.3923 0.4577 0.4735 0.5005 0.4337 0.477 0.577 0.676 0.7301 0.7051 0.7143 0.7342 0.7173 0.7332 0.7276 0.7347 0.7327 0.7327 0.7337 0.725 0.723 0.699 0.7 0.6944 0.7148 0.7168 0.7168 0.7133 0.7179 0.7143 0.6832 0.7056 0.6974 0.7291 0.7286 0.7041 0.6066 0.5163 0.5607 0.6684 0.6801 0.6786 0.7138 0.7199 0.7352 0.7311 0.7158 0.7168 0.701 0.7133 0.648 0.6582 0.6357 0.6526 0.6378 0.5929 0.5337 0.4847 0.4628 0.4883 0.5031 0.4832 0.4837 0.4816 0.5087 0.5138 0.5423 0.5337 0.525 0.5781 0.6531 0.6393 0.7107 0.7026 0.7291 0.7133 0.7286 0.7153 0.723 0.724 0.7245 0.7265 0.7209 0.7286 0.6714 0.65 0.6082 0.5964 0.5944 0.5837 -9999 -9999 -9999 -9999 -9999 -9999 -9999 -9999 -9999 -9999 -9999 -9999 -9999 -9999 -9999 -9999 -9999 -9999 -9999 -9999 -9999 -9999 -9999 -9999 -9999 -9999
-9999 -9999 -9999 -9999 -9999 -9999 -9999 -9999 -9999 -9999 -9999 -9999 0.1974 0.2087 0.2128 0.2143 0.2832 0.3577 0.3408 0.3944 0.4551 0.4709 0.4776 0.4168 0.3408 0.3536 0.3679 0.4464 0.6888 0.7005 0.7245 0.7327 0.7337 0.7199 0.7327 0.7306 0.7189 0.7352 0.7209 0.6745 0.6781 0.6801 0.7372 0.7352 0.6964 0.6872 0.7179 0.7036 0.6704 0.6622 0.7321 0.7286 0.7235 0.7311 0.7301 0.6133 0.6117 0.6321 0.6291 0.6898 0.7143 0.7352 0.7194 0.7362 0.7163 0.7163 0.6893 0.7107 0.7122 0.6801 0.6709 0.6311 0.6122 0.627 0.6163 0.5291 0.5163 0.5117 0.4801 0.4801 0.4684 0.4872 0.4832 0.4786 0.4821 0.4985 0.5173 0.5224 0.5087 0.5301 0.6735 0.6592 0.7097 0.7071 0.7265 0.6862 0.725 0.723 0.6888 0.7143 0.7204 0.727 0.7235 0.6776 0.6684 0.6582 0.5995 0.6 -9999 -9999 -9999 -9999 -9999 -9999 -9999 -9999 -9999 -9999 -9999 -9999 -9999 -9999 -9999 -9999 -9999 -9999 -9999 -9999 -9999 -9999 -9999 -9999 -9999 -9999 -9999 -9999
-9999 -9999 -9999 -9999 -9999 -9999 -9999 -9999 -9999 -9999 -9999 -9999 0.1888 0.1704 0.2577 0.2617 0.3408 0.401 0.4255 0.4194 0.4633 0.5005 0.4577 0.3378 0.2872 0.2194 0.3184 0.4398 0.4969 0.7153 0.727 0.7296 0.7332 0.702 0.7337 0.7286 0.7122 0.7398 0.6077 0.6352 0.648 0.699 0.7398 0.7194 0.7352 0.7352 0.7347 0.7321 0.6806 0.5036 0.7128 0.6281 0.6551 0.7107 0.7286 0.7138 0.727 0.7316 0.7347 0.7163 0.7321 0.7306 0.7219 0.7352 0.7107 0.6883 0.7066 0.7153 0.7117 0.6648 0.6367 0.6107 0.6699 0.6842 0.6622 0.6526 0.6347 0.5832 0.5117 0.477 0.4709 0.4658 0.4862 0.4699 0.4689 0.4633 0.5255 0.5296 0.5082 0.5536 0.6913 0.5587 0.7077 0.723 0.7 0.6918 0.6832 0.6934 0.6724 0.6791 0.7265 0.6934 0.7286 0.7168 0.6668 0.5908 -9999 -9999 -9999 -9999 -9999 -9999 -9999 -9999 -9999 -9999 -9999 -9999 -9999 -9999 -9999 -9999 -9999 -9999 -9999 -9999 -9999 -9999 -9999 -9999 -9999 -9999 -9999 -9999 -9999 -9999
-9999 -9999 -9999 -9999 -9999 -9999 -9999 -9999 -9999 -9999 -9999 -9999 0.1893 0.1638 0.2434 0.3148 0.4112 0.4036 0.4352 0.4291 0.4633 0.4806 0.4495 0.3571 0.2378 0.2077 0.3592 0.4398 0.5898 0.6939 0.7148 0.724 0.7337 0.7173 0.7337 0.7362 0.7214 0.6857 0.6658 0.5306 0.5842 0.7148 0.7378 0.7398 0.7219 0.7367 0.7046 0.6235 0.6566 0.526 0.5719 0.6531 0.701 0.6872 0.7138 0.7071 0.7214 0.7102 0.7082 0.7255 0.7311 0.7362 0.7301 0.6908 0.7087 0.673 0.6903 0.7128 0.7102 0.6969 0.6255 0.6265 0.6679 0.7015 0.6638 0.6765 0.6408 0.6357 0.5378 0.4776 0.4648 0.4872 0.4842 0.4842 0.4658 0.4878 0.5066 0.5301 0.5622 0.6367 0.6321 0.5903 0.7041 0.7077 0.4842 0.6286 0.6577 0.6158 0.7209 0.7209 0.7128 0.7296 0.7296 0.6857 0.6388 -9999 -9999 -9999 -9999 -9999 -9999 -9999 -9999 -9999 -9999 -9999 -9999 -9999 -9999 -9999 -9999 -9999 -9999 -9999 -9999 -9999 -9999 -9999 -9999 -9999 -9999 -9999 -9999 -9999 -9999 -9999
-9999 -9999 -9999 -9999 -9999 -9999 -9999 -9999 -9999 -9999 -9999 0.1888 0.2311 0.2765 0.2786 0.3485 0.4526 0.4867 0.4704 0.4944 0.4888 0.4837 0.4796 0.3653 0.2689 0.2755 0.4464 0.5362 0.6495 0.7321 0.727 0.7082 0.7158 0.7179 0.7362 0.7209 0.7362 0.699 0.6714 0.6536 0.7056 0.7107 0.624 0.5969 0.7403 0.7393 0.6704 0.5036 0.4117 0.3388 0.4796 0.4265 0.6974 0.723 0.7362 0.7357 0.7311 0.7357 0.7352 0.7316 0.7245 0.7301 0.6939 0.7015 0.7071 0.6923 0.6878 0.7122 0.7107 0.7077 0.6066 0.6168 0.7046 0.7112 0.6878 0.6444 0.6556 0.5913 0.5954 0.5469 0.4622 0.448 0.5102 0.4673 0.5036 0.4765 0.5026 0.498 0.5245 0.676 0.6704 0.7071 0.7301 0.6939 0.7061 0.727 0.7265 0.7005 0.7286 0.7306 0.7291 0.7296 0.6862 0.6617 0.6684 -9999 -9999 -9999 -9999 -9999 -9999 -9999 -9999 -9999 -9999 -9999 -9999 -9999 -9999 -9999 -9999 -9999 -9999 -9999 -9999 -9999 -9999 -9999 -9999 -9999 -9999 -9999 -9999 -9999 -9999 -9999
-9999 -9999 -9999 -9999 -9999 -9999 -9999 -9999 -9999 -9999 -9999 0.2194 0.273 0.2939 0.2862 0.4378 0.475 0.5505 0.5224 0.5128 0.5434 0.5444 0.5245 0.4862 0.4929 0.501 0.5801 0.6633 0.6929 0.7199 0.7306 0.7321 0.7255 0.6944 0.7332 0.7316 0.7321 0.6469 0.6393 0.6469 0.6821 0.648 0.7046 0.7082 0.6393 0.5888 0.7327 0.6801 0.474 0.5168 0.5429 0.6276 0.7036 0.6883 0.7148 0.7327 0.727 0.7332 0.7148 0.7092 0.6893 0.6872 0.6556 0.6444 0.676 0.7 0.7056 0.7107 0.7112 0.7214 0.6913 0.7077 0.7117 0.7138 0.6541 0.7153 0.7168 0.6592 0.5969 0.6311 0.5515 0.4806 0.4714 0.4934 0.5102 0.5143 0.5464 0.5372 0.6301 0.6536 0.6087 0.723 0.7291 0.7321 0.7036 0.7296 0.7255 0.7281 0.6913 0.7163 0.7291 0.7082 0.6679 0.6582 -9999 -9999 -9999 -9999 -9999 -9999 -9999 -9999 -9999 -9999 -9999 -9999 -9999 -9999 -9999 -9999 -9999 -9999 -9999 -9999 -9999 -9999 -9999 -9999 -9999 -9999 -9999 -9999 -9999 -9999 -9999 -9999
-9999 -9999 -9999 -9999 -9999 -9999 -9999 -9999 -9999 -9999 -9999 0.2158 0.2648 0.3265 0.2985 0.5143 0.5464 0.6281 0.651 0.6485 0.6316 0.5862 0.598 0.6255 0.6184 0.6857 0.6454 0.6673 0.6806 0.7184 0.7301 0.7265 0.7117 0.7005 0.7306 0.7311 0.6638 0.5388 0.5582 0.6311 0.6551 0.6393 0.6816 0.5158 0.5005 0.6265 0.6378 0.5357 0.4781 0.526 0.5454 0.5255 0.5862 0.6352 0.5867 0.6668 0.6679 0.7194 0.6878 0.6235 0.5837 0.5204 0.5311 0.5429 0.5612 0.5745 0.7061 0.7296 0.7235 0.7087 0.7296 0.7321 0.6944 0.7133 0.7148 0.7051 0.6689 0.6413 0.6617 0.6459 0.6276 0.5898 0.5582 0.5087 0.5556 0.552 0.5423 0.7158 0.699 0.4974 0.4862 0.7143 0.7056 0.724 0.7306 0.7311 0.7296 0.7316 0.7327 0.7311 0.7148 0.6949 0.6679 -9999 -9999 -9999 -9999 -9999 -9999 -9999 -9999 -9999 -9999 -9999 -9999 -9999 -9999 -9999 -9999 -9999 -9999 -9999 -9999 -9999 -9999 -9999 -9999 -9999 -9999 -9999 -9999 -9999 -9999 -9999 -9999 -9999
-9999 -9999 -9999 -9999 -9999 -9999 -9999 -9999 -9999 -9999 -9999 0.2301 0.2505 0.2903 0.3189 0.5566 0.5852 0.6296 0.6954 0.6796 0.6296 0.6102 0.6413 0.6587 0.6561 0.7066 0.724 0.6913 0.7291 0.7316 0.7051 0.7311 0.7255 0.7301 0.7301 0.7219 0.6617 0.5429 0.5423 0.5617 0.5423 0.5224 0.5286 0.4954 0.4959 0.5265 0.5694 0.5832 0.5551 0.5209 0.5036 0.5622 0.577 0.5724 0.5265 0.527 0.5719 0.5816 0.5587 0.5311 0.4811 0.4755 0.4888 0.4964 0.5383 0.5485 0.6658 0.7061 0.7224 0.7173 0.7306 0.7286 0.7337 0.7332 0.7347 0.7173 0.6643 0.7128 0.7005 0.7061 0.6362 0.652 0.6413 0.6337 0.6321 0.6561 0.6327 0.6781 0.6531 0.6556 0.6944 0.7214 0.7332 0.7189 0.7291 0.7163 0.7204 0.6954 0.6923 0.7276 0.6847 0.651 -9999 -9999 -9999 -9999 -9999 -9999 -9999 -9999 -9999 -9999 -9999 -9999 -9999 -9999 -9999 -9999 -9999 -9999 -9999 -9999 -9999 -9999 -9999 -9999 -9999 -9999 -9999 -9999 -9999 -9999 -9999 -9999 -9999 -9999
-9999 -9999 -9999 -9999 -9999 -9999 -9999 -9999 -9999 -9999 0.2393 0.2423 0.2541 0.3179 0.3316 0.5082 0.4985 0.6464 0.6648 0.6429 0.7148 0.7082 0.6413 0.7158 0.7204 0.725 0.7153 0.7173 0.7128 0.6923 0.7128 0.7301 0.7286 0.723 0.727 0.6832 0.6495 0.5571 0.5526 0.548 0.5209 0.5184 0.498 0.5214 0.5143 0.5327 0.5378 0.5796 0.5821 0.573 0.5582 0.5444 0.5806 0.5332 0.5393 0.5403 0.5087 0.5541 0.5602 0.4918 0.4719 0.4577 0.4724 0.4791 0.4923 0.5577 0.5658 0.6617 0.6883 0.7291 0.7321 0.7321 0.7316 0.7352 0.7199 0.7357 0.7362 0.7158 0.7143 0.6286 0.6316 0.6786 0.6888 0.7173 0.6551 0.7036 0.7158 0.702 0.701 0.7337 0.7112 0.702 0.7071 0.7296 0.7291 0.7281 0.7276 0.7102 0.7153 0.6668 0.65 -9999 -9999 -9999 -9999 -9999 -9999 -9999 -9999 -9999 -9999 -9999 -9999 -9999 -9999 -9999 -9999 -9999 -9999 -9999 -9999 -9999 -9999 -9999 -9999 -9999 -9999 -9999 -9999 -9999 -9999 -9999 -9999 -9999 -9999 -9999
-9999 -9999 -9999 -9999 -9999 -9999 -9999 -9999 -9999 -9999 0.2408 0.2531 0.2648 0.3097 0.3689 0.5388 0.5566 0.526 0.6276 0.6918 0.6918 0.7005 0.7158 0.7347 0.7107 0.7301 0.6939 0.7265 0.7117 0.7311 0.7301 0.727 0.7281 0.6832 0.6643 0.6633 0.6531 0.5602 0.5556 0.5311 0.5321 0.5128 0.5316 0.5321 0.5005 0.5311 0.5582 0.5796 0.5801 0.5689 0.5668 0.573 0.577 0.6224 0.6046 0.5857 0.5423 0.6056 0.5821 0.5541 0.4939 0.4872 0.4755 0.4837 0.4587 0.4985 0.5393 0.5485 0.6429 0.702 0.7097 0.7321 0.7327 0.7342 0.7301 0.7347 0.7311 0.7357 0.7046 0.7173 0.6219 0.7 0.675 0.7082 0.7133 0.7342 0.7301 0.7158 0.7291 0.7199 0.7301 0.7301 0.7173 0.7082 0.7301 0.7286 0.7051 0.726 0.6158 0.6077 -9999 -9999 -9999 -9999 -9999 -9999 -9999 -9999 -9999 -9999 -9999 -9999 -9999 -9999 -9999 -9999 -9999 -9999 -9999 -9999 -9999 -9999 -9999 -9999 -9999 -9999 -9999 -9999 -9999 -9999 -9999 -9999 -9999 -9999 -9999 -9999
-9999 -9999 -9999 -9999 -9999 -9999 -9999 -9999 -9999 0.2526 0.2577 0.249 0.2607 0.3643 0.5449 0.5418 0.5852 0.6398 0.6378 0.6944 0.6872 0.7163 0.7301 0.7112 0.7306 0.7163 0.7082 0.7301 0.7138 0.7138 0.7286 0.7265 0.7138 0.6643 0.6643 0.6041 0.5429 0.5597 0.5561 0.5551 0.5439 0.5546 0.5577 0.5719 0.5719 0.5821 0.6658 0.6653 0.6418 0.6204 0.6413 0.6531 0.5847 0.6311 0.6495 0.6668 0.6684 0.726 0.7184 0.6617 0.6061 0.5383 0.4934 0.4923 0.4969 0.4903 0.4959 0.5005 0.5699 0.6673 0.7087 0.7087 0.726 0.7189 0.7347 0.7296 0.7342 0.7306 0.701 0.7036 0.7117 0.6867 0.7117 0.7128 0.7056 0.7066 0.7036 0.7337 0.7327 0.6974 0.7112 0.7097 0.7301 0.6781 0.6138 0.7255 0.7112 0.6245 0.602 -9999 -9999 -9999 -9999 -9999 -9999 -9999 -9999 -9999 -9999 -9999 -9999 -9999 -9999 -9999 -9999 -9999 -9999 -9999 -9999 -9999 -9999 -9999 -9999 -9999 -9999 -9999 -9999 -9999 -9999 -9999 -9999 -9999 -9999 -9999 -9999 -9999
-9999 -9999 -9999 -9999 -9999 -9999 -9999 -9999 -9999 0.2515 0.2306 0.252 0.3199 0.55 0.6061 0.5709 0.6046 0.6423 0.626 0.6546 0.6765 0.699 0.7148 0.7128 0.7296 0.7158 0.6755 0.699 0.7286 0.7168 0.7214 0.6668 0.6245 0.6199 0.6418 0.5607 0.5592 0.5566 0.5566 0.5531 0.5577 0.5571 0.5398 0.5648 0.6643 0.7036 0.7276 0.7316 0.724 0.6449 0.576 0.6648 0.6648 0.6622 0.7117 0.7143 0.7255 0.7332 0.7133 0.7148 0.6944 0.5699 0.5464 0.4832 0.4964 0.4959 0.4959 0.4918 0.4974 0.601 0.6867 0.6893 0.7046 0.7281 0.7347 0.7214 0.7189 0.7311 0.7352 0.7352 0.7332 0.7133 0.7122 0.7026 0.6842 0.6643 0.7061 0.7071 0.7107 0.6949 0.7082 0.7153 0.7291 0.6092 0.6179 0.6209 0.5898 0.6026 0.5985 -9999 -9999 -9999 -9999 -9999 -9999 -9999 -9999 -9999 -9999 -9999 -9999 -9999 -9999 -9999 -9999 -9999 -9999 -9999 -9999 -9999 -9999 -9999 -9999 -9999 -9999 -9999 -9999 -9999 -9999 -9999 -9999 -9999 -9999 -9999 -9999 -9999
-9999 -9999 -9999 -9999 -9999 -9999 -9999 -9999 0.2515 0.2709 0.2536 0.3219 0.4311 0.5189 0.5607 0.5321 0.5898 0.574 0.6046 0.6622 0.7036 0.7214 0.7 0.7112 0.6668 0.6571 0.6903 0.6709 0.7082 0.727 0.6051 0.5791 0.5383 0.5163 0.5367 0.5592 0.5903 0.6133 0.6219 0.5633 0.5434 0.5526 0.5617 0.6663 0.6321 0.7173 0.7337 0.7327 0.6653 0.5816 0.5617 0.5776 0.5821 0.6592 0.6862 0.7219 0.7311 0.7301 0.7281 0.7128 0.7077 0.6393 0.6031 0.5398 0.4959 0.477 0.473 0.4827 0.4903 0.5128 0.602 0.6602 0.6867 0.7082 0.7316 0.7316 0.6964 0.7342 0.7153 0.7184 0.7173 0.7296 0.7316 0.7128 0.5816 0.5607 0.6893 0.7102 0.6974 0.7046 0.7347 0.7214 0.7153 0.627 0.6 0.5954 0.5852 0.5923 -9999 -9999 -9999 -9999 -9999 -9999 -9999 -9999 -9999 -9999 -9999 -9999 -9999 -9999 -9999 -9999 -9999 -9999 -9999 -9999 -9999 -9999 -9999 -9999 -9999 -9999 -9999 -9999 -9999 -9999 -9999 -9999 -9999 -9999 -9999 -9999 -9999 -9999
-9999 -9999 -9999 -9999 -9999 -9999 -9999 0.2204 0.2459 0.2495 0.2663 0.273 0.3648 0.4571 0.5 0.5184 0.6046 0.5821 0.5995 0.6464 0.727 0.7158 0.6878 0.6786 0.675 0.6673 0.7041 0.6765 0.7077 0.7286 0.6485 0.6281 0.5219 0.5327 0.5383 0.5556 0.623 0.6378 0.6138 0.6189 0.6306 0.6505 0.6628 0.6714 0.7316 0.7321 0.7255 0.6531 0.5867 0.5566 0.5321 0.5418 0.5577 0.5765 0.6495 0.7209 0.7316 0.7306 0.7311 0.6668 0.6179 0.6337 0.6117 0.5806 0.527 0.4719 0.4556 0.474 0.4959 0.4888 0.5311 0.5403 0.5857 0.6561 0.6755 0.7306 0.7316 0.7168 0.7163 0.7291 0.7316 0.7117 0.7066 0.6541 0.6036 0.6041 0.6714 0.702 0.6908 0.7291 0.7276 0.7291 0.7276 0.6265 0.6536 0.6041 0.5199 0.5066 -9999 -9999 -9999 -9999 -9999 -9999 -9999 -9999 -9999 -9999 -9999 -9999 -9999 -9999 -9999 -9999 -9999 -9999 -9999 -9999 -9999 -9999 -9999 -9999 -9999 -9999 -9999 -9999 -9999 -9999 -9999 -9999 -9999 -9999 -9999 -9999 -9999 -9999
-9999 -9999 -9999 -9999 -9999 -9999 0.1617 0.2306 0.2658 0.2617 0.2709 0.3087 0.449 0.4832 0.5158 0.5031 0.6051 0.6413 0.6673 0.6673 0.6444 0.6423 0.6689 0.6699 0.6607 0.6429 0.6898 0.7235 0.7097 0.6684 0.6969 0.6214 0.5342 0.501 0.5306 0.5622 0.6087 0.6357 0.6577 0.6536 0.6469 0.6301 0.5679 0.6393 0.6505 0.6429 0.627 0.6551 0.5582 0.5561 0.5337 0.5378 0.5566 0.5724 0.5694 0.6597 0.6367 0.6673 0.6577 0.6423 0.6117 0.6429 0.5684 0.5357 0.4821 0.5505 0.474 0.4724 0.4592 0.4959 0.5199 0.5388 0.5398 0.5556 0.6526 0.7015 0.6867 0.702 0.6918 0.7031 0.6827 0.6862 0.6776 0.6173 0.5985 0.627 0.6821 0.7082 0.7087 0.7316 0.7337 0.7332 0.7316 0.7077 0.6663 0.602 0.4842 0.4755 -9999 -9999 -9999 -9999 -9999 -9999 -9999 -9999 -9999 -9999 -9999 -9999 -9999 -9999 -9999 -9999 -9999 -9999 -9999 -9999 -9999 -9999 -9999 -9999 -9999 -9999 -9999 -9999 -9999 -9999 -9999 -9999 -9999 -9999 -9999 -9999 -9999 -9999
-9999 -9999 -9999 -9999 -9999 -9999 0.1857 0.248 0.2638 0.2531 0.2816 0.3571 0.477 0.4857 0.5122 0.5138 0.5837 0.6337 0.6526 0.6505 0.6551 0.6668 0.6531 0.6628 0.6495 0.6694 0.6699 0.6571 0.6862 0.6765 0.7092 0.6209 0.5388 0.5168 0.5393 0.5602 0.5643 0.6347 0.6173 0.6515 0.5745 0.552 0.5342 0.5566 0.5566 0.5582 0.5551 0.5786 0.5592 0.5454 0.5347 0.5587 0.576 0.5724 0.5776 0.5684 0.6515 0.6327 0.5755 0.6301 0.6444 0.601 0.5357 0.5781 0.5796 0.5194 0.4755 0.474 0.475 0.4755 0.5383 0.5194 0.5337 0.5653 0.5816 0.5648 0.5801 0.6434 0.625 0.5852 0.5893 0.5628 0.5811 0.5796 0.598 0.6311 0.6878 0.7066 0.7102 0.7005 0.7153 0.7107 0.727 0.7046 0.6663 0.5372 0.5219 0.4643 0.5378 -9999 -9999 -9999 -9999 -9999 -9999 -9999 -9999 -9999 -9999 -9999 -9999 -9999 -9999 -9999 -9999 -9999 -9999 -9999 -9999 -9999 -9999 -9999 -9999 -9999 -9999 -9999 -9999 -9999 -9999 -9999 -9999 -9999 -9999 -9999 -9999 -9999
-9999 -9999 -9999 -9999 -9999 -9999 0.223 0.2587 0.2704 0.249 0.2959 0.4403 0.4852 0.4878 0.5092 0.502 0.5995 0.6 0.6276 0.6337 0.6337 0.6515 0.6658 0.6383 0.6561 0.6684 0.6679 0.6668 0.6306 0.6582 0.6056 0.602 0.5515 0.5184 0.5163 0.4969 0.5296 0.5587 0.6214 0.5612 0.5383 0.5128 0.4893 0.4791 0.4714 0.5316 0.5454 0.5301 0.548 0.5265 0.5418 0.5607 0.5668 0.5388 0.5592 0.5704 0.5694 0.6429 0.6153 0.624 0.6097 0.5755 0.5607 0.5526 0.551 0.4745 0.4934 0.4622 0.473 0.5056 0.5602 0.5597 0.5668 0.6393 0.5811 0.5765 0.5801 0.602 0.5306 0.5719 0.5796 0.5622 0.5622 0.5515 0.5827 0.6281 0.6852 0.6847 0.7112 0.6964 0.7321 0.7204 0.701 0.6587 0.6367 0.576 0.6531 0.6526 0.5367 -9999 -9999 -9999 -9999 -9999 -9999 -9999 -9999 -9999 -9999 -9999 -9999 -9999 -9999 -9999 -9999 -9999 -9999 -9999 -9999 -9999 -9999 -9999 -9999 -9999 -9999 -9999 -9999 -9999 -9999 -9999 -9999 -9999 -9999 -9999 -9999 -9999
-9999 -9999 -9999 -9999 -9999 -9999 0.2638 0.2474 0.2429 0.2694 0.3628 0.474 0.4888 0.4821 0.501 0.5199 0.5117 0.5724 0.5913 0.5888 0.6046 0.6602 0.6485 0.6541 0.6673 0.6515 0.6505 0.6724 0.6526 0.6776 0.599 0.5561 0.525 0.5015 0.5087 0.4852 0.4898 0.5378 0.5571 0.5367 0.527 0.5163 0.476 0.4663 0.4689 0.4969 0.4934 0.4745 0.502 0.5546 0.5536 0.5434 0.5597 0.5393 0.4959 0.5301 0.5398 0.6179 0.6015 0.6046 0.5811 0.5464 0.5189 0.4827 0.452 0.4684 0.4633 0.4714 0.498 0.574 0.5811 0.6505 0.6837 0.6862 0.7117 0.6816 0.6724 0.7026 0.6867 0.674 0.6643 0.5964 0.5628 0.5556 0.5908 0.6245 0.6128 0.6827 0.6745 0.6776 0.7296 0.7316 0.7092 0.6796 0.6648 0.6026 0.6474 0.7306 0.5245 0.5219 -9999 -9999 -9999 -9999 -9999 -9999 -9999 -9999 -9999 -9999 -9999 -9999 -9999 -9999 -9999 -9999 -9999 -9999 -9999 -9999 -9999 -9999 -9999 -9999 -9999 -9999 -9999 -9999 -9999 -9999 -9999 -9999 -9999 -9999 -9999 -9999
-9999 -9999 -9999 -9999 -9999 0.2474 0.2612 0.2531 0.2643 0.3026 0.4622 0.4862 0.4893 0.4806 0.5 0.4908 0.5648 0.5316 0.599 0.5515 0.5735 0.6158 0.6474 0.6459 0.6648 0.6628 0.6658 0.7286 0.7296 0.6158 0.5551 0.5184 0.5332 0.5776 0.5587 0.4811 0.4939 0.4786 0.4974 0.5 0.5133 0.5168 0.4939 0.4694 0.4663 0.4939 0.4954 0.5005 0.5031 0.5439 0.5449 0.5566 0.523 0.4883 0.5163 0.4939 0.5214 0.5265 0.5745 0.5801 0.5434 0.5219 0.4745 0.477 0.4745 0.4408 0.4378 0.4556 0.5153 0.5776 0.6204 0.6985 0.7189 0.7316 0.7296 0.7291 0.7306 0.7291 0.7306 0.7291 0.7082 0.6648 0.5918 0.5566 0.5587 0.6245 0.6071 0.627 0.65 0.6847 0.6699 0.7291 0.7301 0.7311 0.6378 0.6255 0.6413 0.6485 0.6015 0.5199 0.4888 0.5026 -9999 -9999 -9999 -9999 -9999 -9999 -9999 -9999 -9999 -9999 -9999 -9999 -9999 -9999 -9999 -9999 -9999 -9999 -9999 -9999 -9999 -9999 -9999 -9999 -9999 -9999 -9999 -9999 -9999 -9999 -9999 -9999 -9999 -9999
-9999 -9999 -9999 -9999 -9999 0.2291 0.2459 0.2434 0.2944 0.3622 0.4888 0.4893 0.4903 0.5051 0.4929 0.5077 0.5827 0.598 0.6347 0.6597 0.624 0.6434 0.6459 0.6668 0.6408 0.6541 0.6566 0.6658 0.6439 0.5515 0.5485 0.5342 0.5781 0.6852 0.6847 0.5939 0.5173 0.4949 0.5158 0.501 0.527 0.5153 0.5219 0.4745 0.4934 0.4985 0.5148 0.5163 0.5168 0.5168 0.5367 0.5168 0.4949 0.4827 0.4806 0.4934 0.5051 0.5403 0.602 0.5735 0.5566 0.5337 0.4699 0.4541 0.4398 0.4342 0.4495 0.4536 0.4668 0.5163 0.6031 0.7158 0.7301 0.7163 0.7306 0.7301 0.7316 0.7311 0.7173 0.7316 0.7117 0.6857 0.6153 0.5898 0.5888 0.6066 0.6168 0.6204 0.6046 0.6102 0.6577 0.7092 0.7316 0.7321 0.7276 0.7026 0.6204 0.6638 0.6939 0.574 0.4974 0.4918 0.5189 -9999 -9999 -9999 -9999 -9999 -9999 -9999 -9999 -9999 -9999 -9999 -9999 -9999 -9999 -9999 -9999 -9999 -9999 -9999 -9999 -9999 -9999 -9999 -9999 -9999 -9999 -9999 -9999 -9999 -9999 -9999 -9999 -9999
-9999 -9999 -9999 -9999 -9999 0.2388 0.2388 0.2622 0.3342 0.4219 0.4878 0.4888 0.4714 0.4954 0.5179 0.5189 0.524 0.6117 0.6505 0.6546 0.6648 0.5765 0.6071 0.5959 0.6403 0.6097 0.6332 0.6224 0.5622 0.5837 0.574 0.5929 0.6219 0.7 0.7214 0.6189 0.551 0.5036 0.5153 0.5408 0.5954 0.5378 0.4898 0.4959 0.5158 0.5163 0.5122 0.5168 0.5168 0.5168 0.5138 0.4929 0.4908 0.4791 0.4765 0.4939 0.5133 0.5235 0.6036 0.5959 0.5816 0.4888 0.4352 0.4173 0.4454 0.4301 0.4454 0.4515 0.4745 0.5194 0.6036 0.6459 0.7301 0.7281 0.6862 0.7311 0.7173 0.7327 0.7327 0.7296 0.7342 0.7107 0.625 0.6082 0.5663 0.5388 0.5765 0.5995 0.5806 0.6026 0.6092 0.6612 0.7321 0.7321 0.7179 0.7245 0.6888 0.7158 0.6959 0.6689 0.6041 0.4995 0.5194 -9999 -9999 -9999 -9999 -9999 -9999 -9999 -9999 -9999 -9999 -9999 -9999 -9999 -9999 -9999 -9999 -9999 -9999 -9999 -9999 -9999 -9999 -9999 -9999 -9999 -9999 -9999 -9999 -9999 -9999 -9999 -9999 -9999
-9999 -9999 -9999 -9999 -9999 -9999 -9999 -9999 0.3347 0.4378 0.4852 0.474 0.4934 0.5102 0.5143 0.5138 0.5827 0.6423 0.6281 0.6867 0.6464 0.5622 0.5321 0.5694 0.5821 0.6128 0.5913 0.6367 0.5469 0.5903 0.6071 0.6474 0.6648 0.7265 0.7276 0.6367 0.502 0.5133 0.5168 0.5923 0.5898 0.5862 0.5224 0.5403 0.5378 0.5378 0.5173 0.5128 0.5168 0.5168 0.5061 0.4888 0.4765 0.4893 0.4939 0.4944 0.523 0.5434 0.601 0.6046 0.5811 0.4959 0.4367 0.4235 0.4255 0.3918 0.4454 0.4699 0.4913 0.5286 0.5668 0.6337 0.6546 0.7066 0.7189 0.7128 0.7138 0.7276 0.7148 0.7347 0.7352 0.7327 0.6041 0.549 0.5357 0.5357 0.5347 0.5378 0.5918 0.5832 0.6015 0.6143 0.6071 0.6791 0.725 0.7291 0.7311 0.7306 0.674 0.5133 0.5056 0.5 -9999 -9999 -9999 -9999 -9999 -9999 -9999 -9999 -9999 -9999 -9999 -9999 -9999 -9999 -9999 -9999 -9999 -9999 -9999 -9999 -9999 -9999 -9999 -9999 -9999 -9999 -9999 -9999 -9999 -9999 -9999 -9999 -9999 -9999
-9999 -9999 -9999 -9999 -9999 -9999 -9999 -9999 0.3286 0.3929 0.4847 0.4786 0.4883 0.5153 0.5026 0.5158 0.5347 0.5796 0.5653 0.5724 0.5439 0.5255 0.5668 0.5811 0.5796 0.6418 0.6143 0.5628 0.5184 0.4929 0.5449 0.6204 0.7082 0.724 0.7219 0.6597 0.6133 0.6214 0.6077 0.5842 0.601 0.5939 0.5163 0.5286 0.5536 0.5194 0.5281 0.5194 0.5168 0.5173 0.4939 0.4908 0.4668 0.4888 0.4903 0.5102 0.5842 0.6571 0.6352 0.5286 0.5388 0.4653 0.4566 0.4709 0.4694 0.4531 0.475 0.5184 0.5347 0.527 0.625 0.6306 0.6469 0.6643 0.7291 0.7092 0.7077 0.7327 0.7291 0.7362 0.7168 0.6898 0.6133 0.5444 0.498 0.5321 0.5321 0.5122 0.5561 0.5714 0.5704 0.5638 0.5189 0.6056 0.5036 0.4587 0.4862 0.5005 0.5066 0.4878 -9999 -9999 -9999 -9999 -9999 -9999 -9999 -9999 -9999 -9999 -9999 -9999 -9999 -9999 -9999 -9999 -9999 -9999 -9999 -9999 -9999 -9999 -9999 -9999 -9999 -9999 -9999 -9999 -9999 -9999 -9999 -9999 -9999 -9999 -9999 -9999
-9999 -9999 -9999 -9999 -9999 -9999 -9999 -9999 0.2964 0.35 -9999 -9999 0.4872 0.4898 0.5168 0.4923 0.4893 0.4811 0.4403 0.4872 0.5689 0.5857 0.5801 0.5816 0.5607 0.5587 0.6311 0.5628 0.4908 0.4801 0.5327 0.6372 0.6648 0.6878 0.7276 0.6454 0.6587 0.6301 0.6526 0.6383 0.6224 0.5352 0.5184 0.5219 0.5403 0.5622 0.5408 0.5403 0.5388 0.5148 0.4929 0.4913 0.4903 0.4719 0.4903 0.527 0.5622 0.5781 0.6602 0.6117 0.5398 0.4959 0.4923 0.4929 0.5133 0.4796 0.5173 0.4954 0.5281 0.5847 0.6413 0.651 0.6673 0.652 0.6561 0.7337 0.698 0.7311 0.7087 0.7332 0.7316 0.6893 0.6077 0.5531 0.4316 0.4128 0.4883 0.4939 0.5327 0.5357 0.5434 0.5378 0.4842 0.4765 0.4046 0.4071 0.4153 -9999 -9999 -9999 -9999 -9999 -9999 -9999 -9999 -9999 -9999 -9999 -9999 -9999 -9999 -9999 -9999 -9999 -9999 -9999 -9999 -9999 -9999 -9999 -9999 -9999 -9999 -9999 -9999 -9999 -9999 -9999 -9999 -9999 -9999 -9999 -9999 -9999 -9999 -9999
-9999 -9999 -9999 -9999 -9999 -9999 -9999 -9999 -9999 -9999 -9999 -9999 0.477 0.4597 0.5158 0.4811 0.4786 0.4908 0.4898 0.5082 0.5485 0.5714 0.6153 0.6536 0.6408 0.6301 0.5546 0.5056 0.4964 0.4949 0.5383 0.6423 0.6587 0.65 0.7061 0.6918 0.6633 0.6633 0.6643 0.6306 0.5372 0.5092 0.5168 0.5173 0.6173 0.5832 0.5444 0.5378 0.5372 0.5041 0.4939 0.4888 0.4898 0.475 0.4888 0.5357 0.5633 0.5423 0.5413 0.5607 0.5153 0.4929 0.4888 0.4668 0.4908 0.477 0.4923 0.4923 0.5061 0.5622 0.5719 0.6668 0.7097 0.6464 0.6949 0.7051 0.7321 0.7337 0.7224 0.7347 0.7332 0.7056 0.5724 0.5515 0.4531 0.3816 0.3898 0.4745 0.5362 0.5352 0.5541 0.526 0.4367 0.3485 0.3801 0.3862 -9999 -9999 -9999 -9999 -9999 -9999 -9999 -9999 -9999 -9999 -9999 -9999 -9999 -9999 -9999 -9999 -9999 -9999 -9999 -9999 -9999 -9999 -9999 -9999 -9999 -9999 -9999 -9999 -9999 -9999 -9999 -9999 -9999 -9999 -9999 -9999 -9999 -9999 -9999 -9999
-9999 -9999 -9999 -9999 -9999 -9999 -9999 -9999 -9999 -9999 -9999 -9999 0.4668 0.4888 0.5128 0.4663 0.4418 0.4321 0.498 0.5173 0.5811 0.576 0.6464 0.6189 0.627 0.6352 0.5663 0.5046 0.5383 0.5224 0.602 0.6332 0.7148 0.7276 0.7117 0.7265 0.7204 0.7087 0.6459 0.6362 0.5607 0.5158 0.4944 0.4806 0.5316 0.548 0.5663 0.5571 0.5566 0.5122 0.4765 0.4872 0.4704 0.477 0.4878 0.5342 0.5337 0.5199 0.526 0.5806 0.4888 0.4776 0.451 0.4495 0.4653 0.4628 0.476 0.4923 0.4714 0.5541 0.5592 0.6653 0.6515 0.65 0.7031 0.6602 0.6265 0.7352 0.7291 0.7224 0.7255 0.6883 0.5459 0.4985 0.4587 0.4316 0.3985 0.2944 0.477 0.3872 0.4046 0.3658 0.3673 0.3622 0.349 0.3852 -9999 -9999 -9999 -9999 -9999 -9999 -9999 -9999 -9999 -9999 -9999 -9999 -9999 -9999 -9999 -9999 -9999 -9999 -9999 -9999 -9999 -9999 -9999 -9999 -9999 -9999 -9999 -9999 -9999 -9999 -9999 -9999 -9999 -9999 -9999 -9999 -9999 -9999 -9999 -9999
-9999 -9999 -9999 -9999 -9999 -9999 -9999 -9999 -9999 -9999 -9999 -9999 0.323 0.4321 0.5429 0.5097 0.4862 0.4393 0.452 0.4699 0.5811 0.5653 0.5801 0.5602 0.5801 0.5138 0.5551 0.5546 0.5964 0.6097 0.6071 0.6281 0.7291 0.7005 0.7143 0.7311 0.7296 0.7301 0.7087 0.5398 0.5459 0.4964 0.5219 0.4913 0.5148 0.5138 0.5143 0.5321 0.5321 0.5316 0.4862 0.4694 0.4633 0.4607 0.4816 0.4857 0.4872 0.4816 0.4898 0.4883 0.4862 0.4444 0.4607 0.4607 0.4612 0.4653 0.4954 0.4969 0.5571 0.5582 0.5811 0.7128 0.6495 0.6852 0.6995 0.527 0.4985 0.5954 0.6969 0.7122 0.6918 0.6566 0.6214 0.5643 0.5469 0.5143 0.4531 0.2622 0.301 0.3653 0.3816 0.3663 0.3811 0.3837 0.3786 -9999 -9999 -9999 -9999 -9999 -9999 -9999 -9999 -9999 -9999 -9999 -9999 -9999 -9999 -9999 -9999 -9999 -9999 -9999 -9999 -9999 -9999 -9999 -9999 -9999 -9999 -9999 -9999 -9999 -9999 -9999 -9999 -9999 -9999 -9999 -9999 -9999 -9999 -9999 -9999 -9999
-9999 -9999 -9999 -9999 -9999 -9999 -9999 -9999 -9999 -9999 -9999 0.2214 0.2566 0.3622 0.4786 0.4939 0.426 0.4403 0.4459 0.4735 0.5372 0.5786 0.5694 0.5806 0.5056 0.5265 0.5469 0.5694 0.5939 0.6041 0.5918 0.7133 0.6918 0.6959 0.6923 0.6842 0.7097 0.7265 0.6296 0.5526 0.552 0.5388 0.4755 0.4847 0.5526 0.5347 0.5255 0.5179 0.5311 0.5066 0.451 0.4791 0.4607 0.4612 0.4194 0.449 0.4653 0.4643 0.4622 0.4658 0.4633 0.4607 0.4582 0.4612 0.4561 0.4709 0.502 0.5163 0.5597 0.5699 0.6628 0.6724 0.7092 0.501 0.5097 0.4923 0.6842 0.6903 0.673 0.6872 0.6235 0.6138 0.625 0.623 0.5577 0.4306 0.3704 0.3867 0.2954 0.3041 0.3816 0.4638 0.3913 0.3617 -9999 -9999 -9999 -9999 -9999 -9999 -9999 -9999 -9999 -9999 -9999 -9999 -9999 -9999 -9999 -9999 -9999 -9999 -9999 -9999 -9999 -9999 -9999 -9999 -9999 -9999 -9999 -9999 -9999 -9999 -9999 -9999 -9999 -9999 -9999 -9999 -9999 -9999 -9999 -9999 -9999 -9999
-9999 -9999 -9999 -9999 -9999 -9999 -9999 -9999 -9999 -9999 -9999 -9999 0.2551 0.3265 0.4724 0.5026 0.4872 0.4944 0.476 0.4827 0.5158 0.5628 0.5628 0.5352 0.4857 0.4837 0.55 0.5719 0.5648 0.6485 0.6883 0.677 0.5908 0.6291 0.6393 0.5199 0.5668 0.6102 0.501 0.5117 0.5255 0.525 0.5311 0.5449 0.5587 0.5327 0.5056 0.5061 0.4872 0.4842 0.4857 0.4867 0.4607 0.4449 0.4617 0.4531 0.4663 0.4658 0.4679 0.4755 0.4531 0.4592 0.4607 0.4617 0.4658 0.4776 0.5204 0.5398 0.6311 0.6628 0.7306 0.7286 0.6786 0.6117 0.5444 0.4668 0.5546 0.6224 0.6245 0.6138 0.6255 0.6143 0.6015 0.6031 0.5878 0.5592 0.3709 0.3694 0.3776 0.4 0.452 0.4485 0.3985 0.402 -9999 -9999 -9999 -9999 -9999 -9999 -9999 -9999 -9999 -9999 -9999 -9999 -9999 -9999 -9999 -9999 -9999 -9999 -9999 -9999 -9999 -9999 -9999 -9999 -9999 -9999 -9999 -9999 -9999 -9999 -9999 -9999 -9999 -9999 -9999 -9999 -9999 -9999 -9999 -9999 -9999 -9999
-9999 -9999 -9999 -9999 -9999 -9999 -9999 -9999 -9999 -9999 -9999 -9999 0.2316 0.3036 0.4571 0.4566 0.5163 0.5128 0.4913 0.5102 0.5148 0.5143 0.5556 0.4959 0.4628 0.4526 0.4622 0.5311 0.5745 0.627 0.6301 0.6107 0.6281 0.5474 0.6204 0.5597 0.5005 0.4847 0.4658 0.4724 0.4495 0.4418 0.5316 0.5316 0.5265 0.4939 0.4673 0.4449 0.4372 0.4449 0.4561 0.4587 0.4617 0.4434 0.4495 0.4551 0.4638 0.452 0.4536 0.4939 0.4949 0.4929 0.4684 0.4628 0.5163 0.6413 0.6622 0.6429 0.6383 0.6827 0.7092 0.7306 0.6689 0.5806 0.474 0.4571 0.5372 0.6184 0.6255 0.626 0.6209 0.6015 0.5378 0.5158 0.5607 0.4964 0.3704 0.4908 0.3842 0.3663 0.3985 0.3791 0.4056 -9999 -9999 -9999 -9999 -9999 -9999 -9999 -9999 -9999 -9999 -9999 -9999 -9999 -9999 -9999 -9999 -9999 -9999 -9999 -9999 -9999 -9999 -9999 -9999 -9999 -9999 -9999 -9999 -9999 -9999 -9999 -9999 -9999 -9999 -9999 -9999 -9999 -9999 -9999 -9999 -9999 -9999 -9999
-9999 -9999 -9999 -9999 -9999 -9999 -9999 -9999 -9999 -9999 -9999 -9999 0.2837 0.3219 0.4209 0.4571 0.4653 0.501 0.477 0.475 0.4668 0.4969 0.4944 0.4827 0.452 0.4408 0.4485 0.4434 0.4801 0.5893 0.6112 0.6378 0.6245 0.577 0.5597 0.5224 0.4418 0.4342 0.4357 0.449 0.4653 0.4418 0.3837 0.4852 0.4974 0.3903 0.3867 0.4209 0.4383 0.4607 0.4612 0.4612 0.4612 0.451 0.4556 0.4571 0.4276 0.4679 0.4893 0.5184 0.5418 0.6235 0.6209 0.5847 0.6592 0.7316 0.7255 0.7306 0.7015 0.6944 0.7235 0.7281 0.6005 0.4969 0.4745 0.4694 0.5378 0.6077 0.6102 0.6209 0.5872 0.599 0.5505 0.4117 0.3878 0.3454 0.3306 0.349 0.3663 0.3974 0.4031 0.402 0.4066 0.3821 -9999 -9999 -9999 -9999 -9999 -9999 -9999 -9999 -9999 -9999 -9999 -9999 -9999 -9999 -9999 -9999 -9999 -9999 -9999 -9999 -9999 -9999 -9999 -9999 -9999 -9999 -9999 -9999 -9999 -9999 -9999 -9999 -9999 -9999 -9999 -9999 -9999 -9999 -9999 -9999 -9999 -9999
-9999 -9999 -9999 -9999 -9999 -9999 -9999 -9999 -9999 -9999 -9999 -9999 0.2699 0.325 0.3699 0.4464 0.4423 0.4408 0.4832 0.4536 0.4495 0.5117 0.4872 0.4806 0.3663 0.324 0.4163 0.3908 0.4347 0.4668 0.4617 0.4383 0.4179 0.475 0.401 0.3898 0.375 0.3888 0.3867 0.3847 0.423 0.3995 0.3653 0.3995 0.377 0.326 0.3168 0.3755 0.4026 0.4158 0.4332 0.4541 0.4505 0.4628 0.4607 0.4643 0.4658 0.5097 0.5117 0.6306 0.7194 0.7296 0.7092 0.6679 0.648 0.6551 0.7245 0.7296 0.6235 0.574 0.5796 0.5531 0.5638 0.5378 0.5372 0.5372 0.5592 0.6036 0.5923 0.5964 0.5816 0.5949 0.4781 0.3587 0.4684 0.4755 0.3434 0.3577 0.4066 0.3903 0.3612 0.3806 0.3898 0.3832 -9999 -9999 -9999 -9999 -9999 -9999 -9999 -9999 -9999 -9999 -9999 -9999 -9999 -9999 -9999 -9999 -9999 -9999 -9999 -9999 -9999 -9999 -9999 -9999 -9999 -9999 -9999 -9999 -9999 -9999 -9999 -9999 -9999 -9999 -9999 -9999 -9999 -9999 -9999 -9999 -9999 -9999
-9999 -9999 -9999 -9999 -9999 -9999 -9999 -9999 -9999 -9999 -9999 -9999 0.2923 0.3163 0.3551 0.4551 0.474 0.4969 0.4592 0.5342 0.5546 0.5153 0.4643 0.4929 0.4816 0.4281 0.4173 0.4668 0.4806 0.4306 0.4015 0.4097 0.4031 0.3872 0.3852 0.3577 0.375 0.3816 0.3444 0.3316 0.3398 0.323 0.3571 0.398 0.3791 0.3347 0.3163 0.377 0.3388 0.3571 0.3755 0.4224 0.4607 0.4628 0.4597 0.4745 0.5316 0.5536 0.576 0.649 0.7321 0.7332 0.7311 0.7138 0.7296 0.6883 0.7112 0.702 0.625 0.6015 0.6122 0.6255 0.6061 0.599 0.6015 0.5908 0.6015 0.5806 0.5995 0.5974 0.5944 0.5281 0.4352 0.4306 0.5153 0.4163 0.3622 -9999 0.4071 0.4071 -9999 -9999 -9999 -9999 -9999 -9999 -9999 -9999 -9999 -9999 -9999 -9999 -9999 -9999 -9999 -9999 -9999 -9999 -9999 -9999 -9999 -9999 -9999 -9999 -9999 -9999 -9999 -9999 -9999 -9999 -9999 -9999 -9999 -9999 -9999 -9999 -9999 -9999 -9999 -9999 -9999 -9999 -9999 -9999 -9999 -9999
-9999 -9999 -9999 -9999 -9999 -9999 -9999 -9999 -9999 -9999 -9999 -9999 0.2699 0.274 0.3357 0.4224 0.4862 0.4668 0.5143 0.6612 0.6036 0.5617 0.5173 0.4954 0.4893 0.4934 0.4755 0.4801 0.4561 0.4602 0.4235 0.4286 0.401 0.3709 0.3378 0.3367 0.3158 0.3357 0.3051 0.3393 0.3418 0.323 0.3908 0.4046 0.3367 0.3393 0.298 0.2862 0.3709 0.3842 0.3791 0.375 0.4255 0.4464 0.4663 0.5199 0.5408 0.6658 0.6673 0.7332 0.7296 0.727 0.6684 0.6546 0.7276 0.7286 0.7327 0.7107 0.6092 0.6031 0.6214 0.6061 0.6036 0.5888 0.6 0.601 0.5883 0.5995 0.5153 0.5148 0.4663 0.4561 0.401 0.3689 0.3597 0.3643 -9999 -9999 -9999 -9999 -9999 -9999 -9999 -9999 -9999 -9999 -9999 -9999 -9999 -9999 -9999 -9999 -9999 -9999 -9999 -9999 -9999 -9999 -9999 -9999 -9999 -9999 -9999 -9999 -9999 -9999 -9999 -9999 -9999 -9999 -9999 -9999 -9999 -9999 -9999 -9999 -9999 -9999 -9999 -9999 -9999 -9999 -9999 -9999 -9999 -9999
-9999 -9999 -9999 -9999 -9999 -9999 -9999 -9999 -9999 -9999 -9999 0.2704 0.2597 0.2821 0.3796 0.4173 0.4719 0.4903 0.5117 0.575 0.6296 0.6454 0.5658 0.502 0.5173 0.4964 0.4939 0.4969 0.4954 0.4913 0.4776 0.4929 0.4658 0.3827 0.3071 0.3173 0.3143 0.2995 0.3403 0.3505 0.3459 0.3459 0.3444 0.325 0.326 0.3367 0.3337 0.3041 0.3245 0.3628 0.3566 0.4031 0.4163 0.4607 0.4668 0.5168 0.65 0.6668 0.6974 0.7306 0.7286 0.6658 0.524 0.5913 0.7204 0.7173 0.7357 0.7179 0.6224 0.624 0.623 0.5923 0.4811 0.5964 0.5908 0.6026 0.6245 0.5923 0.5148 0.4801 0.425 0.3872 0.3898 0.3827 -9999 -9999 -9999 -9999 -9999 -9999 -9999 -9999 -9999 -9999 -9999 -9999 -9999 -9999 -9999 -9999 -9999 -9999 -9999 -9999 -9999 -9999 -9999 -9999 -9999 -9999 -9999 -9999 -9999 -9999 -9999 -9999 -9999 -9999 -9999 -9999 -9999 -9999 -9999 -9999 -9999 -9999 -9999 -9999 -9999 -9999 -9999 -9999 -9999 -9999 -9999 -9999
-9999 -9999 -9999 -9999 -9999 -9999 -9999 -9999 -9999 -9999 -9999 0.2622 0.2587 0.2786 0.3383 0.4 0.4459 0.4668 0.4888 0.5026 0.5112 0.602 0.4893 0.5112 0.4755 0.4939 0.4949 0.4816 0.4959 0.4964 0.4862 0.4944 0.4781 0.4015 0.4041 0.3556 0.3495 0.3066 0.3235 0.3454 0.327 0.3464 0.3454 0.3434 0.3408 0.3398 0.324 0.3388 0.3393 0.3459 0.3464 0.3617 0.4092 0.424 0.4362 0.5852 0.7306 0.7311 0.726 0.7036 0.5413 0.4898 0.4735 0.5444 0.7102 0.7332 0.7204 0.6077 0.6806 0.6668 0.6959 0.6837 0.6041 0.5628 0.5668 0.5388 0.6 0.5837 0.4918 0.5071 0.427 0.4061 0.3786 -9999 -9999 -9999 -9999 -9999 -9999 -9999 -9999 -9999 -9999 -9999 -9999 -9999 -9999 -9999 -9999 -9999 -9999 -9999 -9999 -9999 -9999 -9999 -9999 -9999 -9999 -9999 -9999 -9999 -9999 -9999 -9999 -9999 -9999 -9999 -9999 -9999 -9999 -9999 -9999 -9999 -9999 -9999 -9999 -9999 -9999 -9999 -9999 -9999 -9999 -9999 -9999 -9999
-9999 -9999 -9999 -9999 -9999 -9999 -9999 -9999 -9999 -9999 0.1995 0.2418 0.2541 0.3112 0.3102 0.4306 0.4418 0.4592 0.4628 0.4898 0.4786 0.5056 0.4724 0.473 0.4939 -9999 -9999 -9999 -9999 -9999 -9999 0.4949 0.4786 0.4888 0.4796 0.4138 0.3929 0.3811 0.3995 0.3286 0.325 0.3444 0.3393 0.3281 0.373 0.3862 0.3862 0.3673 0.3837 0.449 0.4551 0.45 0.4128 0.4638 0.5786 0.7056 0.702 0.7102 0.7071 0.7235 0.727 0.5806 0.5173 0.5372 0.7286 0.7281 0.4796 0.4531 0.45 0.4582 0.5383 0.7189 0.601 0.5837 0.5327 0.5296 0.5459 0.4719 0.449 0.3872 0.4077 0.45 0.3827 -9999 -9999 -9999 -9999 -9999 -9999 -9999 -9999 -9999 -9999 -9999 -9999 -9999 -9999 -9999 -9999 -9999 -9999 -9999 -9999 -9999 -9999 -9999 -9999 -9999 -9999 -9999 -9999 -9999 -9999 -9999 -9999 -9999 -9999 -9999 -9999 -9999 -9999 -9999 -9999 -9999 -9999 -9999 -9999 -9999 -9999 -9999 -9999 -9999 -9999 -9999 -9999 -9999
-9999 -9999 -9999 -9999 -9999 -9999 -9999 -9999 -9999 -9999 0.2209 0.2031 -9999 -9999 -9999 -9999 -9999 -9999 -9999 0.45 0.425 0.4903 0.4622 0.4699 -9999 -9999 -9999 -9999 -9999 -9999 -9999 -9999 -9999 -9999 0.4923 0.4745 0.473 0.474 0.4444 0.3903 0.3173 0.3036 0.3388 0.3485 0.3786 0.3923 0.4628 0.4719 0.5816 0.552 0.5903 0.5796 0.598 0.7056 0.7306 0.727 0.727 0.7138 0.7265 0.7138 0.7327 0.7122 0.7265 0.7265 0.7311 0.7163 0.4821 0.4954 0.626 0.7296 0.727 0.6949 0.6194 0.5944 0.526 0.4883 0.5296 0.5286 0.5031 0.3561 0.3857 0.3857 -9999 -9999 -9999 -9999 -9999 -9999 -9999 -9999 -9999 -9999 -9999 -9999 -9999 -9999 -9999 -9999 -9999 -9999 -9999 -9999 -9999 -9999 -9999 -9999 -9999 -9999 -9999 -9999 -9999 -9999 -9999 -9999 -9999 -9999 -9999 -9999 -9999 -9999 -9999 -9999 -9999 -9999 -9999 -9999 -9999 -9999 -9999 -9999 -9999 -9999 -9999 -9999 -9999 -9999
-9999 -9999 -9999 -9999 -9999 -9999 -9999 -9999 -9999 -9999 -9999 -9999 -9999 -9999 -9999 -9999 -9999 -9999 -9999 -9999 -9999 -9999 -9999 -9999 -9999 -9999 -9999 -9999 -9999 -9999 -9999 -9999 -9999 -9999 -9999 0.4791 0.4929 0.4929 0.4934 0.4454 0.4148 0.3449 0.3842 0.3832 0.3883 0.4893 0.5821 0.5638 0.575 0.627 0.5806 0.5893 0.6587 0.6878 0.7107 0.6643 0.6255 0.5735 0.6602 0.7179 0.7316 0.7316 0.6969 0.7214 0.7332 0.7311 0.7321 0.701 0.7276 0.7306 0.7184 0.6622 0.3015 0.573 0.5235 0.5158 0.4383 0.4367 0.3832 0.349 0.3332 0.3546 -9999 -9999 -9999 -9999 -9999 -9999 -9999 -9999 -9999 -9999 -9999 -9999 -9999 -9999 -9999 -9999 -9999 -9999 -9999 -9999 -9999 -9999 -9999 -9999 -9999 -9999 -9999 -9999 -9999 -9999 -9999 -9999 -9999 -9999 -9999 -9999 -9999 -9999 -9999 -9999 -9999 -9999 -9999 -9999 -9999 -9999 -9999 -9999 -9999 -9999 -9999 -9999 -9999 -9999
-9999 -9999 -9999 -9999 -9999 -9999 -9999 -9999 -9999 -9999 -9999 -9999 -9999 -9999 -9999 -9999 -9999 -9999 -9999 -9999 -9999 -9999 -9999 -9999 -9999 -9999 -9999 -9999 -9999 -9999 -9999 -9999 -9999 -9999 -9999 -9999 0.4867 0.476 0.4791 0.4745 0.4918 0.3908 0.3827 0.4041 0.4454 0.5689 0.6679 0.5378 0.4985 0.6005 0.7306 0.6551 0.5592 0.5791 0.6684 0.6051 0.5648 0.5852 0.5995 0.649 0.6724 0.724 0.7321 0.7133 0.7316 0.7327 0.7327 0.7327 0.7316 0.6985 0.6786 0.6026 0.5694 0.5536 0.4776 0.4628 0.4179 0.3566 0.3306 0.3439 0.3469 -9999 -9999 -9999 -9999 -9999 -9999 -9999 -9999 -9999 -9999 -9999 -9999 -9999 -9999 -9999 -9999 -9999 -9999 -9999 -9999 -9999 -9999 -9999 -9999 -9999 -9999 -9999 -9999 -9999 -9999 -9999 -9999 -9999 -9999 -9999 -9999 -9999 -9999 -9999 -9999 -9999 -9999 -9999 -9999 -9999 -9999 -9999 -9999 -9999 -9999 -9999 -9999 -9999 -9999 -9999
-9999 -9999 -9999 -9999 -9999 -9999 -9999 -9999 -9999 -9999 -9999 -9999 -9999 -9999 -9999 -9999 -9999 -9999 -9999 -9999 -9999 -9999 -9999 -9999 -9999 -9999 -9999 -9999 -9999 -9999 -9999 -9999 -9999 -9999 -9999 -9999 0.4903 0.4571 0.4949 0.4714 0.4786 0.4679 0.4087 0.4791 0.5199 0.448 0.499 0.4893 0.5673 0.698 0.7337 0.6806 0.4954 0.4939 0.4934 0.5337 0.4923 0.5061 0.5643 0.5806 0.6031 0.6485 0.6689 0.6684 0.6796 0.7102 0.7051 0.7306 0.7296 0.7036 0.6184 0.523 0.5061 0.4806 0.475 -9999 -9999 -9999 0.3724 0.2842 -9999 -9999 -9999 -9999 -9999 -9999 -9999 -9999 -9999 -9999 -9999 -9999 -9999 -9999 -9999 -9999 -9999 -9999 -9999 -9999 -9999 -9999 -9999 -9999 -9999 -9999 -9999 -9999 -9999 -9999 -9999 -9999 -9999 -9999 -9999 -9999 -9999 -9999 -9999 -9999 -9999 -9999 -9999 -9999 -9999 -9999 -9999 -9999 -9999 -9999 -9999 -9999 -9999 -9999 -9999 -9999
-9999 -9999 -9999 -9999 -9999 -9999 -9999 -9999 -9999 -9999 -9999 -9999 -9999 -9999 -9999 -9999 -9999 -9999 -9999 -9999 -9999 -9999 -9999 -9999 -9999 -9999 -9999 -9999 -9999 -9999 -9999 -9999 -9999 -9999 -9999 -9999 0.4668 0.4449 0.4724 0.4862 0.4929 0.4923 0.4969 0.4964 0.4342 0.3408 0.4699 0.4071 0.4745 0.6556 0.7291 0.7122 0.6515 0.5122 0.625 0.5704 -9999 -9999 -9999 -9999 -9999 -9999 -9999 -9999 -9999 -9999 -9999 -9999 -9999 -9999 -9999 -9999 -9999 -9999 -9999 -9999 -9999 -9999 -9999 -9999 -9999 -9999 -9999 -9999 -9999 -9999 -9999 -9999 -9999 -9999 -9999 -9999 -9999 -9999 -9999 -9999 -9999 -9999 -9999 -9999 -9999 -9999 -9999 -9999 -9999 -9999 -9999 -9999 -9999 -9999 -9999 -9999 -9999 -9999 -9999 -9999 -9999 -9999 -9999 -9999 -9999 -9999 -9999 -9999 -9999 -9999 -9999 -9999 -9999 -9999 -9999 -9999 -9999 -9999 -9999 -9999
-9999 -9999 -9999 -9999 -9999 -9999 -9999 -9999 -9999 -9999 -9999 -9999 -9999 -9999 -9999 -9999 -9999 -9999 -9999 -9999 -9999 -9999 -9999 -9999 -9999 -9999 -9999 -9999 -9999 -9999 -9999 -9999 -9999 -9999 -9999 -9999 -9999 0.4796 0.4561 0.4923 0.474 0.4878 0.474 0.4944 0.4194 0.3913 0.3689 0.3985 0.55 0.5107 0.5168 0.5036 0.501 0.5148 0.5133 -9999 -9999 -9999 -9999 -9999 -9999 -9999 -9999 -9999 -9999 -9999 -9999 -9999 -9999 -9999 -9999 -9999 -9999 -9999 -9999 -9999 -9999 -9999 -9999 -9999 -9999 -9999 -9999 -9999 -9999 -9999 -9999 -9999 -9999 -9999 -9999 -9999 -9999 -9999 -9999 -9999 -9999 -9999 -9999 -9999 -9999 -9999 -9999 -9999 -9999 -9999 -9999 -9999 -9999 -9999 -9999 -9999 -9999 -9999 -9999 -9999 -9999 -9999 -9999 -9999 -9999 -9999 -9999 -9999 -9999 -9999 -9999 -9999 -9999 -9999 -9999 -9999 -9999 -9999 -9999 -9999
-9999 -9999 -9999 -9999 -9999 -9999 -9999 -9999 -9999 -9999 -9999 -9999 -9999 -9999 -9999 -9999 -9999 -9999 -9999 -9999 -9999 -9999 -9999 -9999 -9999 -9999 -9999 -9999 -9999 -9999 -9999 -9999 -9999 -9999 -9999 -9999 -9999 -9999 0.4592 0.4577 0.4796 0.4929 0.4949 0.4791 0.3995 0.3867 0.4031 0.3893 0.4699 0.4867 -9999 -9999 -9999 -9999 -9999 -9999 -9999 -9999 -9999 -9999 -9999 -9999 -9999 -9999 -9999 -9999 -9999 -9999 -9999 -9999 -9999 -9999 -9999 -9999 -9999 -9999 -9999 -9999 -9999 -9999 -9999 -9999 -9999 -9999 -9999 -9999 -9999 -9999 -9999 -9999 -9999 -9999 -9999 -9999 -9999 -9999 -9999 -9999 -9999 -9999 -9999 -9999 -9999 -9999 -9999 -9999 -9999 -9999 -9999 -9999 -9999 -9999 -9999 -9999 -9999 -9999 -9999 -9999 -9999 -9999 -9999 -9999 -9999 -9999 -9999 -9999 -9999 -9999 -9999 -9999 -9999 -9999 -9999 -9999 -9999 -9999
-9999 -9999 -9999 -9999 -9999 -9999 -9999 -9999 -9999 -9999 -9999 -9999 -9999 -9999 -9999 -9999 -9999 -9999 -9999 -9999 -9999 -9999 -9999 -9999 -9999 -9999 -9999 -9999 -9999 -9999 -9999 -9999 -9999 -9999 -9999 -9999 -9999 -9999 0.4454 0.4689 0.4541 0.4842 0.4801 0.4898 0.3862 0.4 0.3939 0.4276 0.4337 -9999 -9999 -9999 -9999 -9999 -9999 -9999 -9999 -9999 -9999 -9999 -9999 -9999 -9999 -9999 -9999 -9999 -9999 -9999 -9999 -9999 -9999 -9999 -9999 -9999 -9999 -9999 -9999 -9999 -9999 -9999 -9999 -9999 -9999 -9999 -9999 -9999 -9999 -9999 -9999 -9999 -9999 -9999 -9999 -9999 -9999 -9999 -9999 -9999 -9999 -9999 -9999 -9999 -9999 -9999 -9999 -9999 -9999 -9999 -9999 -9999 -9999 -9999 -9999 -9999 -9999 -9999 -9999 -9999 -9999 -9999 -9999 -9999 -9999 -9999 -9999 -9999 -9999 -9999 -9999 -9999 -9999 -9999 -9999 -9999 -9999 -9999
-9999 -9999 -9999 -9999 -9999 -9999 -9999 -9999 -9999 -9999 -9999 -9999 -9999 -9999 -9999 -9999 -9999 -9999 -9999 -9999 -9999 -9999 -9999 -9999 -9999 -9999 -9999 -9999 -9999 -9999 -9999 -9999 -9999 -9999 -9999 -9999 -9999 -9999 -9999 0.4168 0.4536 0.4673 0.4898 0.4842 0.4643 0.4418 0.4056 0.3918 -9999 -9999 -9999 -9999 -9999 -9999 -9999 -9999 -9999 -9999 -9999 -9999 -9999 -9999 -9999 -9999 -9999 -9999 -9999 -9999 -9999 -9999 -9999 -9999 -9999 -9999 -9999 -9999 -9999 -9999 -9999 -9999 -9999 -9999 -9999 -9999 -9999 -9999 -9999 -9999 -9999 -9999 -9999 -9999 -9999 -9999 -9999 -9999 -9999 -9999 -9999 -9999 -9999 -9999 -9999 -9999 -9999 -9999 -9999 -9999 -9999 -9999 -9999 -9999 -9999 -9999 -9999 -9999 -9999 -9999 -9999 -9999 -9999 -9999 -9999 -9999 -9999 -9999 -9999 -9999 -9999 -9999 -9999 -9999 -9999 -9999 -9999 -9999
-9999 -9999 -9999 -9999 -9999 -9999 -9999 -9999 -9999 -9999 -9999 -9999 -9999 -9999 -9999 -9999 -9999 -9999 -9999 -9999 -9999 -9999 -9999 -9999 -9999 -9999 -9999 -9999 -9999 -9999 -9999 -9999 -9999 -9999 -9999 -9999 -9999 -9999 -9999 -9999 -9999 0.4918 0.4872 0.4546 0.3041 0.2832 0.2719 -9999 -9999 -9999 -9999 -9999 -9999 -9999 -9999 -9999 -9999 -9999 -9999 -9999 -9999 -9999 -9999 -9999 -9999 -9999 -9999 -9999 -9999 -9999 -9999 -9999 -9999 -9999 -9999 -9999 -9999 -9999 -9999 -9999 -9999 -9999 -9999 -9999 -9999 -9999 -9999 -9999 -9999 -9999 -9999 -9999 -9999 -9999 -9999 -9999 -9999 -9999 -9999 -9999 -9999 -9999 -9999 -9999 -9999 -9999 -9999 -9999 -9999 -9999 -9999 -9999 -9999 -9999 -9999 -9999 -9999 -9999 -9999 -9999 -9999 -9999 -9999 -9999 -9999 -9999 -9999 -9999 -9999 -9999 -9999 -9999 -9999 -9999 -9999 -9999
-9999 -9999 -9999 -9999 -9999 -9999 -9999 -9999 -9999 -9999 -9999 -9999 -9999 -9999 -9999 -9999 -9999 -9999 -9999 -9999 -9999 -9999 -9999 -9999 -9999 -9999 -9999 -9999 -9999 -9999 -9999 -9999 -9999 -9999 -9999 -9999 -9999 -9999 -9999 -9999 -9999 -9999 -9999 -9999 0.2735 0.2617 -9999 -9999 -9999 -9999 -9999 -9999 -9999 -9999 -9999 -9999 -9999 -9999 -9999 -9999 -9999 -9999 -9999 -9999 -9999 -9999 -9999 -9999 -9999 -9999 -9999 -9999 -9999 -9999 -9999 -9999 -9999 -9999 -9999 -9999 -9999 -9999 -9999 -9999 -9999 -9999 -9999 -9999 -9999 -9999 -9999 -9999 -9999 -9999 -9999 -9999 -9999 -9999 -9999 -9999 -9999 -9999 -9999 -9999 -9999 -9999 -9999 -9999 -9999 -9999 -9999 -9999 -9999 -9999 -9999 -9999 -9999 -9999 -9999 -9999 -9999 -9999 -9999 -9999 -9999 -9999 -9999 -9999 -9999 -9999 -9999 -9999 -9999 -9999 -9999 -9999
-9999 -9999 -9999 -9999 -9999 -9999 -9999 -9999 -9999 -9999 -9999 -9999 -9999 -9999 -9999 -9999 -9999 -9999 -9999 -9999 -9999 -9999 -9999 -9999 -9999 -9999 -9999 -9999 -9999 -9999 -9999 -9999 -9999 -9999 -9999 -9999 -9999 -9999 -9999 -9999 -9999 -9999 -9999 -9999 -9999 -9999 -9999 -9999 -9999 -9999 -9999 -9999 -9999 -9999 -9999 -9999 -9999 -9999 -9999 -9999 -9999 -9999 -9999 -9999 -9999 -9999 -9999 -9999 -9999 -9999 -9999 -9999 -9999 -9999 -9999 -9999 -9999 -9999 -9999 -9999 -9999 -9999 -9999 -9999 -9999 -9999 -9999 -9999 -9999 -9999 -9999 -9999 -9999 -9999 -9999 -9999 -9999 -9999 -9999 -9999 -9999 -9999 -9999 -9999 -9999 -9999 -9999 -9999 -9999 -9999 -9999 -9999 -9999 -9999 -9999 -9999 -9999 -9999 -9999 -9999 -9999 -9999 -9999 -9999 -9999 -9999 -9999 -9999 -9999 -9999 -9999 -9999 -9999 -9999 -9999 -9999
